# File: data.dat
# Number of data points:     2999
# NOS: Number of occupied states 
# FOS: Fraction of occupied states 
# FOS: Area occupied 
# Grid size          NOS           FOS          AREA
# Maximum and minimum x data:
# Maximum and minimum y data:
# Column 1: Number of bins (total number of states)
# Column 2: Number of occupied bins (number of occupied states)
# Column 3: Fraction of the states occupied
# Column 4: Number of states occupied relative to random distribution
# Column 5: Entropy relative to random distribution for T=298.15K in cal / mol K
           1           1       0.50000       1.00000       0.00000
           3           6       1.00000       0.66667      -0.80566
           5           9       0.90000       0.36000      -2.03002
           7          17       1.21429       0.34694      -2.10345
           9          21       1.16667       0.25926      -2.68230
          11          30       1.36364       0.24793      -2.77106
          13          38       1.46154       0.22485      -2.96522
          15          47       1.56667       0.20889      -3.11155
          17          58       1.70588       0.20139      -3.18420
          19          67       1.76316       0.18611      -3.34096
          21          82       1.95238       0.18636      -3.33827
          23          94       2.04348       0.17837      -3.42540
          25         105       2.10000       0.16963      -3.52523
          27         122       2.25926       0.17015      -3.51909
          29         131       2.25862       0.16034      -3.63709
          31         150       2.41935       0.16322      -3.60174
          33         166       2.51515       0.16290      -3.60559
          35         176       2.51429       0.15728      -3.67537
          37         198       2.67568       0.16270      -3.60815
          39         214       2.74359       0.16323      -3.60158
          41         229       2.79268       0.16381      -3.59463
          43         250       2.90698       0.16858      -3.53758
          45         264       2.93333       0.16869      -3.53625
          47         281       2.98936       0.17113      -3.50768
          49         300       3.06122       0.17513      -3.46179
          51         325       3.18627       0.18248      -3.38010
          53         341       3.21698       0.18543      -3.34828
          55         360       3.27273       0.18957      -3.30434
          57         381       3.34211       0.19469      -3.25146
          59         404       3.42373       0.20100      -3.18809
          61         429       3.51639       0.20825      -3.11761
          63         447       3.54762       0.21255      -3.07699
          65         458       3.52308       0.21312      -3.07168
          67         484       3.61194       0.22111      -2.99861
          69         504       3.65217       0.22611      -2.95414
          71         527       3.71127       0.23298      -2.89467
          73         552       3.78082       0.24115      -2.82615
          75         569       3.79333       0.24526      -2.79261
          77         584       3.79221       0.24809      -2.76982
          79         609       3.85443       0.25567      -2.71002
          81         633       3.90741       0.26287      -2.65479
          83         661       3.98193       0.27202      -2.58686
          85         678       3.98824       0.27640      -2.55512
          87         701       4.02874       0.28300      -2.50818
          89         737       4.14045       0.29515      -2.42465
          91         740       4.06593       0.29423      -2.43085
          93         766       4.11828       0.30253      -2.37562
          95         796       4.18947       0.31240      -2.31180
          97         818       4.21650       0.31841      -2.27394
          99         849       4.28788       0.32843      -2.21237
         101         873       4.32178       0.33577      -2.16847
         103         878       4.26214       0.33614      -2.16628
         105         905       4.30952       0.34516      -2.11369
         107         928       4.33645       0.35192      -2.07515
         109         946       4.33945       0.35739      -2.04450
         111         984       4.43243       0.37034      -1.97374
         113        1005       4.44690       0.37626      -1.94222
         115        1019       4.43043       0.38008      -1.92216
         117        1035       4.42308       0.38447      -1.89934
         119        1059       4.44958       0.39135      -1.86410
         121        1091       4.50826       0.40243      -1.80861
         123        1107       4.50000       0.40669      -1.78773
         125        1117       4.46800       0.40946      -1.77424
         127        1140       4.48819       0.41651      -1.74028
         129        1171       4.53876       0.42659      -1.69277
         131        1192       4.54962       0.43314      -1.66251
         133        1213       4.56015       0.43997      -1.63142
         135        1223       4.52963       0.44263      -1.61943
         137        1251       4.56569       0.45130      -1.58091
         139        1278       4.59712       0.46021      -1.54206
         141        1285       4.55674       0.46173      -1.53550
         143        1316       4.60140       0.47202      -1.49170
         145        1329       4.58276       0.47566      -1.47644
         147        1362       4.63265       0.48660      -1.43125
         149        1371       4.60067       0.48877      -1.42242
         151        1390       4.60265       0.49431      -1.40002
         153        1418       4.63399       0.50391      -1.36181
         155        1441       4.64839       0.51099      -1.33407
         157        1468       4.67516       0.52001      -1.29930
         159        1471       4.62579       0.52016      -1.29876
         161        1487       4.61801       0.52507      -1.28007
         163        1525       4.67791       0.53811      -1.23133
         165        1513       4.58485       0.53293      -1.25053
         167        1530       4.58084       0.53835      -1.23043
         169        1563       4.62426       0.54919      -1.19082
         171        1575       4.60526       0.55224      -1.17981
         173        1600       4.62428       0.56062      -1.14991
         175        1607       4.59143       0.56307      -1.14124
         177        1621       4.57910       0.56659      -1.12887
         179        1641       4.58380       0.57358      -1.10450
         181        1655       4.57182       0.57746      -1.09109
         183        1662       4.54098       0.57930      -1.08479
         185        1691       4.57027       0.58920      -1.05111
         187        1700       4.54545       0.59192      -1.04194
         189        1713       4.53175       0.59521      -1.03095
         191        1739       4.55236       0.60382      -1.00240
         193        1765       4.57254       0.61263      -0.97360
         195        1771       4.54103       0.61450      -0.96755
         197        1795       4.55584       0.62197      -0.94356
         199        1797       4.51508       0.62223      -0.94272
         201        1811       4.50498       0.62686      -0.92799
         203        1817       4.47537       0.62807      -0.92417
         205        1823       4.44634       0.62992      -0.91830
         207        1844       4.45411       0.63696      -0.89623
         209        1861       4.45215       0.64195      -0.88074
         211        1865       4.41943       0.64288      -0.87785
         213        1895       4.44836       0.65322      -0.84614
         215        1914       4.45116       0.65955      -0.82700
         217        1935       4.45853       0.66632      -0.80669
         219        1935       4.41781       0.66541      -0.80942
         221        1942       4.39367       0.66758      -0.80293
         223        1964       4.40359       0.67491      -0.78123
         225        1972       4.38222       0.67720      -0.77452
         227        1992       4.38767       0.68360      -0.75583
         229        2012       4.39301       0.68999      -0.73734
         231        1989       4.30519       0.68186      -0.76087
         233        2005       4.30258       0.68711      -0.74563
         235        2028       4.31489       0.69476      -0.72365
         237        2047       4.31857       0.70127      -0.70512
         239        2083       4.35774       0.71311      -0.67184
         241        2075       4.30498       0.71013      -0.68016
         243        2059       4.23663       0.70417      -0.69690
         245        2075       4.23469       0.70964      -0.68152
         247        2092       4.23482       0.71472      -0.66735
         249        2117       4.25100       0.72302      -0.64442
         251        2127       4.23705       0.72619      -0.63574
         253        2132       4.21344       0.72789      -0.63107
         255        2137       4.19020       0.72935      -0.62710
         257        2149       4.18093       0.73295      -0.61733
         259        2164       4.17761       0.73806      -0.60350
         261        2173       4.16284       0.74088      -0.59594
         263        2152       4.09125       0.73322      -0.61659
         265        2159       4.07359       0.73535      -0.61081
         267        2174       4.07116       0.74021      -0.59773
         269        2193       4.07621       0.74643      -0.58112
         271        2231       4.11624       0.75936      -0.54698
         273        2226       4.07692       0.75714      -0.55279
         275        2227       4.04909       0.75748      -0.55190
         277        2243       4.04874       0.76267      -0.53835
         279        2270       4.06810       0.77158      -0.51525
         281        2256       4.01424       0.76683      -0.52754
         283        2257       3.98763       0.76717      -0.52666
         285        2264       3.97193       0.76902      -0.52186
         287        2283       3.97735       0.77548      -0.50525
         289        2284       3.95156       0.77582      -0.50438
         291        2320       3.98625       0.78751      -0.47466
         293        2315       3.95051       0.78554      -0.47962
         295        2292       3.88475       0.77748      -0.50013
         297        2304       3.87879       0.78155      -0.48976
         299        2318       3.87625       0.78603      -0.47839
         301        2317       3.84884       0.78569      -0.47925
         303        2295       3.78713       0.77797      -0.49888
         305        2305       3.77869       0.78109      -0.49092
         307        2353       3.83225       0.79736      -0.44996
         309        2354       3.80906       0.79770      -0.44912
         311        2350       3.77814       0.79634      -0.45250
         313        2372       3.78914       0.80298      -0.43600
         315        2371       3.76349       0.80291      -0.43617
         317        2364       3.72871       0.80027      -0.44271
         319        2366       3.70846       0.80068      -0.44171
         321        2369       3.69003       0.80142      -0.43986
         323        2389       3.69814       0.80819      -0.42316
         325        2386       3.67077       0.80744      -0.42498
         327        2416       3.69419       0.81704      -0.40150
         329        2420       3.67781       0.81840      -0.39821
         331        2430       3.67069       0.82178      -0.39002
         333        2432       3.65165       0.82162      -0.39040
         335        2431       3.62836       0.82101      -0.39188
         337        2424       3.59644       0.81920      -0.39627
         339        2450       3.61357       0.82798      -0.37507
         341        2447       3.58798       0.82669      -0.37818
         343        2451       3.57289       0.82804      -0.37493
         345        2467       3.57536       0.83288      -0.36335
         347        2473       3.56340       0.83519      -0.35785
         349        2462       3.52722       0.83148      -0.36671
         351        2472       3.52137       0.83429      -0.35999
         353        2479       3.51133       0.83693      -0.35370
         355        2479       3.49155       0.83665      -0.35438
         357        2485       3.48039       0.83868      -0.34957
         359        2471       3.44150       0.83339      -0.36214
         361        2510       3.47645       0.84683      -0.33035
         363        2507       3.45317       0.84582      -0.33273
         365        2515       3.44521       0.84823      -0.32707
         367        2512       3.42234       0.84722      -0.32944
         369        2530       3.42818       0.85271      -0.31659
         371        2506       3.37736       0.84491      -0.33486
         373        2521       3.37936       0.84997      -0.32300
         375        2521       3.36133       0.84968      -0.32367
         377        2524       3.34748       0.85069      -0.32131
         379        2543       3.35488       0.85681      -0.30708
         381        2544       3.33858       0.85714      -0.30630
         383        2544       3.32115       0.85743      -0.30563
         385        2534       3.29091       0.85349      -0.31479
         387        2541       3.28295       0.85584      -0.30931
         389        2570       3.30334       0.86561      -0.28676
         391        2568       3.28389       0.86465      -0.28898
         393        2568       3.26718       0.86465      -0.28898
         395        2560       3.24051       0.86195      -0.29518
         397        2557       3.22040       0.86094      -0.29751
         399        2565       3.21429       0.86335      -0.29197
         401        2566       3.19950       0.86368      -0.29120
         403        2603       3.22953       0.87614      -0.26275
         405        2607       3.21852       0.87719      -0.26037
         407        2588       3.17936       0.87079      -0.27490
         409        2615       3.19682       0.87988      -0.25428
         411        2591       3.15207       0.87180      -0.27260
         413        2614       3.16465       0.87925      -0.25571
         415        2618       3.15422       0.88089      -0.25200
         417        2598       3.11511       0.87386      -0.26791
         419        2597       3.09905       0.87353      -0.26867
         421        2597       3.08432       0.87323      -0.26934
         423        2601       3.07447       0.87487      -0.26561
         425        2611       3.07176       0.87794      -0.25866
         427        2620       3.06792       0.88097      -0.25182
         429        2633       3.06876       0.88534      -0.24198
         431        2636       3.05800       0.88605      -0.24039
         433        2627       3.03349       0.88303      -0.24719
         435        2617       3.00805       0.87966      -0.25476
         437        2617       2.99428       0.87996      -0.25410
         439        2620       2.98405       0.88038      -0.25316
         441        2623       2.97392       0.88138      -0.25088
         443        2637       2.97630       0.88639      -0.23964
         445        2653       2.98090       0.89147      -0.22828
         447        2653       2.96756       0.89147      -0.22828
         449        2659       2.96102       0.89348      -0.22380
         451        2677       2.96785       0.89923      -0.21106
         453        2661       2.93709       0.89385      -0.22297
         455        2639       2.90000       0.88646      -0.23947
         457        2654       2.90372       0.89150      -0.22820
         459        2660       2.89760       0.89352      -0.22372
         461        2665       2.89046       0.89490      -0.22065
         463        2676       2.88985       0.89859      -0.21247
         465        2689       2.89140       0.90295      -0.20284
         467        2675       2.86403       0.89795      -0.21388
         469        2666       2.84222       0.89523      -0.21991
         471        2677       2.84183       0.89893      -0.21173
         473        2686       2.83932       0.90164      -0.20572
         475        2691       2.83263       0.90332      -0.20203
         477        2674       2.80294       0.89762      -0.21462
         479        2694       2.81211       0.90433      -0.19981
         481        2697       2.80353       0.90534      -0.19760
         483        2686       2.78054       0.90134      -0.20639
         485        2704       2.78763       0.90738      -0.19312
         487        2706       2.77823       0.90805      -0.19165
         489        2714       2.77505       0.91074      -0.18578
         491        2685       2.73422       0.90101      -0.20713
         493        2700       2.73834       0.90604      -0.19606
         495        2697       2.72424       0.90534      -0.19760
         497        2689       2.70523       0.90235      -0.20417
         499        2713       2.71844       0.91040      -0.18652
         501        2733       2.72755       0.91711      -0.17192
         503        2725       2.70875       0.91412      -0.17841
         505        2716       2.68911       0.91110      -0.18499
         507        2700       2.66272       0.90574      -0.19673
         509        2724       2.67583       0.91348      -0.17981
         511        2713       2.65460       0.90979      -0.18785
         513        2723       2.65400       0.91345      -0.17987
         515        2722       2.64272       0.91312      -0.18060
         517        2753       2.66248       0.92321      -0.15877
         519        2743       2.64258       0.92016      -0.16533
         521        2718       2.60845       0.91147      -0.18419
         523        2733       2.61281       0.91650      -0.17326
         525        2727       2.59714       0.91449      -0.17762
         527        2716       2.57685       0.91080      -0.18565
         529        2728       2.57845       0.91452      -0.17756
         531        2753       2.59228       0.92290      -0.15943
         533        2741       2.57129       0.91887      -0.16811
         535        2748       2.56822       0.92122      -0.16305
         537        2729       2.54097       0.91485      -0.17683
         539        2743       2.54453       0.91954      -0.16666
         541        2753       2.54436       0.92321      -0.15877
         543        2759       2.54052       0.92491      -0.15511
         545        2766       2.53761       0.92725      -0.15007
         547        2756       2.51920       0.92359      -0.15794
         549        2758       2.51184       0.92426      -0.15649
         551        2761       2.50544       0.92558      -0.15367
         553        2755       2.49096       0.92326      -0.15866
         555        2750       2.47748       0.92158      -0.16227
         557        2755       2.47307       0.92326      -0.15866
         559        2770       2.47764       0.92828      -0.14787
         561        2778       2.47594       0.93097      -0.14214
         563        2770       2.46004       0.92828      -0.14787
         565        2764       2.44602       0.92596      -0.15284
         567        2741       2.41711       0.91826      -0.16945
         569        2761       2.42619       0.92496      -0.15500
         571        2778       2.43257       0.93065      -0.14280
         573        2757       2.40576       0.92393      -0.15721
         575        2764       2.40348       0.92596      -0.15284
         577        2762       2.39341       0.92529      -0.15428
         579        2785       2.40501       0.93300      -0.13780
         581        2782       2.39415       0.93168      -0.14061
         583        2783       2.38679       0.93233      -0.13923
         585        2774       2.37094       0.92931      -0.14567
         587        2781       2.36882       0.93166      -0.14066
         589        2792       2.37012       0.93503      -0.13348
         591        2786       2.35702       0.93302      -0.13775
         593        2799       2.36003       0.93737      -0.12850
         595        2796       2.34958       0.93637      -0.13064
         597        2790       2.33668       0.93467      -0.13424
         599        2792       2.33055       0.93503      -0.13348
         601        2792       2.32280       0.93503      -0.13348
         603        2810       2.33002       0.94106      -0.12071
         605        2803       2.31653       0.93871      -0.12567
         607        2811       2.31549       0.94108      -0.12067
         609        2802       2.30049       0.93806      -0.12704
         611        2798       2.28969       0.93673      -0.12988
         613        2800       2.28385       0.93740      -0.12846
         615        2818       2.29106       0.94374      -0.11506
         617        2798       2.26742       0.93704      -0.12921
         619        2785       2.24960       0.93237      -0.13913
         621        2800       2.25443       0.93740      -0.12846
         623        2797       2.24478       0.93639      -0.13059
         625        2806       2.24480       0.93940      -0.12421
         627        2801       2.23365       0.93742      -0.12842
         629        2802       2.22734       0.93806      -0.12704
         631        2823       2.23693       0.94510      -0.11220
         633        2822       2.22907       0.94476      -0.11291
         635        2824       2.22362       0.94511      -0.11217
         637        2831       2.22214       0.94777      -0.10658
         639        2818       2.20501       0.94311      -0.11639
         641        2830       2.20749       0.94712      -0.10795
         643        2819       2.19207       0.94376      -0.11502
         645        2818       2.18450       0.94311      -0.11639
         647        2830       2.18702       0.94712      -0.10795
         649        2818       2.17103       0.94311      -0.11639
         651        2838       2.17972       0.94980      -0.10234
         653        2823       2.16156       0.94478      -0.11287
         655        2818       2.15114       0.94311      -0.11639
         657        2827       2.15145       0.94612      -0.11006
         659        2824       2.14264       0.94511      -0.11217
         661        2829       2.13994       0.94679      -0.10865
         663        2825       2.13047       0.94545      -0.11146
         665        2823       2.12256       0.94446      -0.11353
         667        2817       2.11169       0.94246      -0.11776
         669        2831       2.11584       0.94746      -0.10725
         671        2841       2.11699       0.95080      -0.10024
         673        2845       2.11367       0.95214      -0.09744
         675        2829       2.09556       0.94647      -0.10932
         677        2824       2.08567       0.94480      -0.11283
         679        2841       2.09205       0.95080      -0.10024
         681        2847       2.09031       0.95249      -0.09671
         683        2851       2.08712       0.95383      -0.09392
         685        2851       2.08102       0.95383      -0.09392
         687        2851       2.07496       0.95383      -0.09392
         689        2846       2.06531       0.95216      -0.09741
         691        2845       2.05861       0.95182      -0.09811
         693        2847       2.05411       0.95249      -0.09671
         695        2848       2.04892       0.95283      -0.09602
         697        2855       2.04806       0.95517      -0.09114
         699        2845       2.03505       0.95182      -0.09811
         701        2842       2.02710       0.95082      -0.10021
         703        2851       2.02774       0.95383      -0.09392
         705        2860       2.02837       0.95684      -0.08766
         707        2866       2.02687       0.95853      -0.08416
         709        2865       2.02045       0.95851      -0.08419
         711        2858       2.00985       0.95617      -0.08905
         713        2835       1.98808       0.94848      -0.10511
         715        2851       1.99371       0.95351      -0.09459
         717        2878       2.00697       0.96286      -0.07519
         719        2862       1.99026       0.95719      -0.08694
         721        2847       1.97434       0.95217      -0.09738
         723        2851       1.97165       0.95351      -0.09459
         725        2871       1.98000       0.96020      -0.08070
         727        2869       1.97318       0.95953      -0.08208
         729        2857       1.95953       0.95552      -0.09041
         731        2859       1.95554       0.95619      -0.08902
         733        2863       1.95293       0.95720      -0.08691
         735        2854       1.94150       0.95452      -0.09250
         737        2863       1.94233       0.95753      -0.08624
         739        2855       1.93166       0.95485      -0.09180
         741        2856       1.92713       0.95518      -0.09111
         743        2879       1.93742       0.96255      -0.07583
         745        2873       1.92819       0.96087      -0.07931
         747        2854       1.91031       0.95420      -0.09316
         749        2855       1.90587       0.95453      -0.09247
         751        2854       1.90013       0.95452      -0.09250
         753        2868       1.90438       0.95888      -0.08344
         755        2859       1.89338       0.95587      -0.08968
         757        2875       1.89894       0.96122      -0.07860
         759        2862       1.88538       0.95687      -0.08760
         761        2861       1.87976       0.95654      -0.08830
         763        2877       1.88532       0.96189      -0.07721
         765        2875       1.87908       0.96122      -0.07860
         767        2871       1.87158       0.95988      -0.08136
         769        2865       1.86281       0.95787      -0.08552
         771        2873       1.86316       0.96055      -0.07998
         773        2890       1.86934       0.96623      -0.06826
         775        2884       1.86065       0.96423      -0.07239
         777        2871       1.84749       0.95988      -0.08136
         779        2872       1.84339       0.96021      -0.08067
         781        2876       1.84123       0.96155      -0.07791
         783        2878       1.83780       0.96190      -0.07719
         785        2888       1.83949       0.96556      -0.06963
         787        2878       1.82846       0.96222      -0.07652
         789        2882       1.82636       0.96324      -0.07443
         791        2888       1.82554       0.96556      -0.06963
         793        2884       1.81841       0.96390      -0.07305
         795        2879       1.81069       0.96255      -0.07583
         797        2881       1.80740       0.96290      -0.07512
         799        2876       1.79975       0.96123      -0.07857
         801        2877       1.79588       0.96156      -0.07788
         803        2887       1.79763       0.96491      -0.07098
         805        2891       1.79565       0.96624      -0.06823
         807        2888       1.78934       0.96556      -0.06963
         809        2884       1.78245       0.96390      -0.07305
         811        2887       1.77990       0.96491      -0.07098
         813        2887       1.77552       0.96491      -0.07098
         815        2889       1.77239       0.96557      -0.06961
         817        2881       1.76316       0.96290      -0.07512
         819        2873       1.75397       0.96023      -0.08064
         821        2890       1.76005       0.96591      -0.06892
         823        2896       1.75942       0.96791      -0.06480
         825        2901       1.75818       0.96959      -0.06137
         827        2893       1.74909       0.96691      -0.06686
         829        2882       1.73824       0.96324      -0.07443
         831        2892       1.74007       0.96658      -0.06755
         833        2890       1.73469       0.96591      -0.06892
         835        2898       1.73533       0.96858      -0.06343
         837        2892       1.72760       0.96625      -0.06821
         839        2903       1.73004       0.97025      -0.06000
         841        2892       1.71938       0.96658      -0.06755
         843        2895       1.71708       0.96758      -0.06549
         845        2897       1.71420       0.96825      -0.06411
         847        2895       1.70897       0.96758      -0.06549
         849        2888       1.70082       0.96524      -0.07030
         851        2886       1.69565       0.96457      -0.07167
         853        2884       1.69050       0.96390      -0.07305
         855        2900       1.69591       0.96925      -0.06206
         857        2914       1.70012       0.97361      -0.05315
         859        2909       1.69325       0.97226      -0.05590
         861        2904       1.68641       0.97059      -0.05932
         863        2900       1.68019       0.96893      -0.06272
         865        2901       1.67688       0.96959      -0.06137
         867        2889       1.66609       0.96557      -0.06961
         869        2886       1.66053       0.96425      -0.07234
         871        2902       1.66590       0.96992      -0.06069
         873        2911       1.66724       0.97293      -0.05453
         875        2897       1.65543       0.96793      -0.06478
         877        2897       1.65165       0.96825      -0.06411
         879        2901       1.65017       0.96926      -0.06204
         881        2911       1.65210       0.97293      -0.05453
         883        2911       1.64836       0.97260      -0.05520
         885        2903       1.64011       0.96993      -0.06067
         887        2893       1.63078       0.96691      -0.06686
         889        2897       1.62936       0.96793      -0.06478
         891        2897       1.62570       0.96793      -0.06478
         893        2885       1.61534       0.96392      -0.07302
         895        2899       1.61955       0.96859      -0.06341
         897        2888       1.60981       0.96492      -0.07096
         899        2898       1.61179       0.96826      -0.06409
         901        2904       1.61154       0.97026      -0.05998
         903        2913       1.61296       0.97327      -0.05383
         905        2899       1.60166       0.96859      -0.06341
         907        2898       1.59757       0.96826      -0.06409
         909        2897       1.59351       0.96793      -0.06478
         911        2911       1.59769       0.97260      -0.05520
         913        2914       1.59584       0.97361      -0.05315
         915        2909       1.58962       0.97193      -0.05656
         917        2916       1.58997       0.97427      -0.05179
         919        2906       1.58107       0.97093      -0.05861
         921        2904       1.57655       0.97026      -0.05998
         923        2906       1.57421       0.97093      -0.05861
         925        2901       1.56811       0.96926      -0.06204
         927        2911       1.57012       0.97260      -0.05520
         929        2911       1.56674       0.97260      -0.05520
         931        2904       1.55961       0.97026      -0.05998
         933        2905       1.55681       0.97060      -0.05930
         935        2901       1.55134       0.96926      -0.06204
         937        2900       1.54749       0.96893      -0.06272
         939        2918       1.55378       0.97494      -0.05043
         941        2921       1.55207       0.97594      -0.04838
         943        2921       1.54878       0.97594      -0.04838
         945        2911       1.54021       0.97260      -0.05520
         947        2910       1.53643       0.97227      -0.05588
         949        2904       1.53003       0.97026      -0.05998
         951        2908       1.52892       0.97160      -0.05725
         953        2913       1.52833       0.97327      -0.05383
         955        2912       1.52461       0.97294      -0.05452
         957        2911       1.52090       0.97228      -0.05586
         959        2921       1.52294       0.97562      -0.04905
         961        2913       1.51561       0.97327      -0.05383
         963        2912       1.51194       0.97294      -0.05452
         965        2921       1.51347       0.97562      -0.04905
         967        2916       1.50776       0.97395      -0.05245
         969        2911       1.50206       0.97260      -0.05520
         971        2918       1.50257       0.97462      -0.05109
         973        2916       1.49846       0.97395      -0.05245
         975        2919       1.49692       0.97495      -0.05041
         977        2914       1.49130       0.97328      -0.05382
         979        2910       1.48621       0.97194      -0.05654
         981        2904       1.48012       0.96994      -0.06065
         983        2915       1.48271       0.97361      -0.05313
         985        2928       1.48629       0.97796      -0.04429
         987        2928       1.48328       0.97796      -0.04429
         989        2926       1.47927       0.97729      -0.04565
         991        2923       1.47477       0.97629      -0.04769
         993        2924       1.47231       0.97662      -0.04701
         995        2922       1.46834       0.97595      -0.04837
         997        2927       1.46790       0.97762      -0.04497
         999        2922       1.46246       0.97595      -0.04837
