  0.10000000000000001        9.9000000000000004        9.9999999999999645E-002
  0.20000000000000001        9.8015000000000008       0.19849999999999923     
  0.30000000000000004        9.7044775000000012       0.29552249999999880     
  0.40000000000000002        9.6089103375000011       0.39108966249999888     
  0.50000000000000000        9.5147766824375015       0.48522331756249848     
  0.59999999999999998        9.4220550322009391       0.57794496779906090     
  0.69999999999999996        9.3307242067179246       0.66927579328207543     
  0.79999999999999993        9.2407633436171555       0.75923665638284454     
  0.89999999999999991        9.1521518934628983       0.84784810653710174     
  0.99999999999999989        9.0648696150609549       0.93513038493904510     
   1.0999999999999999        8.9788965708350403        1.0211034291649597     
   1.2000000000000000        8.8942131222725145        1.1057868777274855     
   1.3000000000000000        8.8107999254384275        1.1892000745615725     
   1.4000000000000001        8.7286379265568499        1.2713620734431501     
   1.5000000000000002        8.6477083576584963        1.3522916423415037     
   1.6000000000000003        8.5679927322936198        1.4320072677063802     
   1.7000000000000004        8.4894728413092153        1.5105271586907847     
   1.8000000000000005        8.4121307486895773        1.5878692513104227     
   1.9000000000000006        8.3359487874592340        1.6640512125407660     
   2.0000000000000004        8.2609095556473466        1.7390904443526534     
   2.1000000000000005        8.1869959123126375        1.8130040876873625     
   2.2000000000000006        8.1141909736279469        1.8858090263720531     
   2.3000000000000007        8.0424781090235271        1.9575218909764729     
   2.4000000000000008        7.9718409373881745        2.0281590626118255     
   2.5000000000000009        7.9022633233273512        2.0977366766726488     
   2.6000000000000010        7.8337293734774409        2.1662706265225591     
   2.7000000000000011        7.7662234328752788        2.2337765671247212     
   2.8000000000000012        7.6997300813821496        2.3002699186178504     
   2.9000000000000012        7.6342341301614178        2.3657658698385822     
   3.0000000000000013        7.5697206182089971        2.4302793817910029     
   3.1000000000000014        7.5061748089358620        2.4938251910641380     
   3.2000000000000015        7.4435821868018248        2.5564178131981752     
   3.3000000000000016        7.3819284539997971        2.6180715460002029     
   3.4000000000000017        7.3211995271898003        2.6788004728101997     
   3.5000000000000018        7.2613815342819530        2.7386184657180470     
   3.6000000000000019        7.2024608112677235        2.7975391887322765     
   3.7000000000000020        7.1444238990987072        2.8555761009012928     
   3.8000000000000020        7.0872575406122262        2.9127424593877738     
   3.9000000000000021        7.0309486775030425        2.9690513224969575     
   4.0000000000000018        6.9754844473404969        3.0245155526595031     
   4.1000000000000014        6.9208521806303898        3.0791478193696102     
   4.2000000000000011        6.8670393979209345        3.1329606020790655     
   4.3000000000000007        6.8140338069521205        3.1859661930478795     
   4.4000000000000004        6.7618232998478387        3.2381767001521613     
   4.5000000000000000        6.7103959503501205        3.2896040496498795     
   4.5999999999999996        6.6597400110948692        3.3402599889051308     
   4.6999999999999993        6.6098439109284461        3.3901560890715539     
   4.7999999999999989        6.5606962522645196        3.4393037477354804     
   4.8999999999999986        6.5122858084805513        3.4877141915194487     
   4.9999999999999982        6.4646015213533428        3.5353984786466572     
   5.0999999999999979        6.4176324985330426        3.5823675014669574     
   5.1999999999999975        6.3713680110550470        3.6286319889449530     
   5.2999999999999972        6.3257974908892205        3.6742025091107795     
   5.3999999999999968        6.2809105285258822        3.7190894714741178     
   5.4999999999999964        6.2366968705979939        3.7633031294020061     
   5.5999999999999961        6.1931464175390234        3.8068535824609766     
   5.6999999999999957        6.1502492212759385        3.8497507787240615     
   5.7999999999999954        6.1079954829567997        3.8920045170432003     
   5.8999999999999950        6.0663755507124479        3.9336244492875521     
   5.9999999999999947        6.0253799174517617        3.9746200825482383     
   6.0999999999999943        5.9849992186899845        4.0150007813100155     
   6.1999999999999940        5.9452242304096350        4.0547757695903650     
   6.2999999999999936        5.9060458669534910        4.0939541330465090     
   6.3999999999999932        5.8674551789491884        4.1325448210508116     
   6.4999999999999929        5.8294433512649499        4.1705566487350501     
   6.5999999999999925        5.7920017009959750        4.2079982990040250     
   6.6999999999999922        5.7551216754810355        4.2448783245189645     
   6.7999999999999918        5.7187948503488197        4.2812051496511803     
   6.8999999999999915        5.6830129275935874        4.3169870724064126     
   6.9999999999999911        5.6477677336796841        4.3522322663203159     
   7.0999999999999908        5.6130512176744896        4.3869487823255104     
   7.1999999999999904        5.5788554494093718        4.4211445505906282     
   7.2999999999999901        5.5451726176682312        4.4548273823317688     
   7.3999999999999897        5.5119950284032084        4.4880049715967916     
   7.4999999999999893        5.4793151029771598        4.5206848970228402     
   7.5999999999999890        5.4471253764325018        4.5528746235674982     
   7.6999999999999886        5.4154184957860148        4.5845815042139852     
   7.7999999999999883        5.3841872183492248        4.6158127816507752     
   7.8999999999999879        5.3534244100739867        4.6465755899260133     
   7.9999999999999876        5.3231230439228776        4.6768769560771224     
   8.0999999999999872        5.2932761982640342        4.7067238017359658     
   8.1999999999999869        5.2638770552900729        4.7361229447099271     
   8.2999999999999865        5.2349188994607223        4.7650811005392777     
   8.3999999999999861        5.2063951159688120        4.7936048840311880     
   8.4999999999999858        5.1782991892292793        4.8217008107707207     
   8.5999999999999854        5.1506247013908402        4.8493752986091598     
   8.6999999999999851        5.1233653308699774        4.8766346691300226     
   8.7999999999999847        5.0965148509069280        4.9034851490930720     
   8.8999999999999844        5.0700671281433234        4.9299328718566766     
   8.9999999999999840        5.0440161212211736        4.9559838787788264     
   9.0999999999999837        5.0183558794028560        4.9816441205971440     
   9.1999999999999833        4.9930805412118131        5.0069194587881869     
   9.2999999999999829        4.9681843330936362        5.0318156669063638     
   9.3999999999999826        4.9436615680972320        5.0563384319027680     
   9.4999999999999822        4.9195066445757742        5.0804933554242258     
   9.5999999999999819        4.8957140449071384        5.1042859550928616     
   9.6999999999999815        4.8722783342335312        5.1277216657664688     
   9.7999999999999812        4.8491941592200281        5.1508058407799719     
   9.8999999999999808        4.8264562468317278        5.1735437531682722     
   9.9999999999999805        4.8040594031292523        5.1959405968707477     
   10.099999999999980        4.7819985120823132        5.2180014879176868     
   10.199999999999980        4.7602685344010789        5.2397314655989211     
   10.299999999999979        4.7388645063850623        5.2611354936149377     
   10.399999999999979        4.7177815387892856        5.2822184612107144     
   10.499999999999979        4.6970148157074467        5.3029851842925533     
   10.599999999999978        4.6765595934718354        5.3234404065281646     
   10.699999999999978        4.6564111995697584        5.3435888004302416     
   10.799999999999978        4.6365650315762119        5.3634349684237881     
   10.899999999999977        4.6170165561025689        5.3829834438974311     
   10.999999999999977        4.5977613077610311        5.4022386922389689     
   11.099999999999977        4.5787948881446150        5.4212051118553850     
   11.199999999999976        4.5601129648224461        5.4398870351775539     
   11.299999999999976        4.5417112703501097        5.4582887296498903     
   11.399999999999975        4.5235856012948581        5.4764143987051419     
   11.499999999999975        4.5057318172754357        5.4942681827245643     
   11.599999999999975        4.4881458400163039        5.5118541599836961     
   11.699999999999974        4.4708236524160592        5.5291763475839408     
   11.799999999999974        4.4537612976298186        5.5462387023701814     
   11.899999999999974        4.4369548781653716        5.5630451218346284     
   11.999999999999973        4.4204005549928915        5.5795994450071085     
   12.099999999999973        4.4040945466679977        5.5959054533320023     
   12.199999999999973        4.3880331284679777        5.6119668715320223     
   12.299999999999972        4.3722126315409584        5.6277873684590416     
   12.399999999999972        4.3566294420678444        5.6433705579321556     
   12.499999999999972        4.3412800004368268        5.6587199995631732     
   12.599999999999971        4.3261608004302738        5.6738391995697262     
   12.699999999999971        4.3112683884238194        5.6887316115761806     
   12.799999999999971        4.2965993625974628        5.7034006374025372     
   12.899999999999970        4.2821503721585001        5.7178496278414999     
   12.999999999999970        4.2679181165761220        5.7320818834238780     
   13.099999999999969        4.2538993448274800        5.7461006551725200     
   13.199999999999969        4.2400908546550671        5.7599091453449329     
   13.299999999999969        4.2264894918352409        5.7735105081647591     
   13.399999999999968        4.2130921494577125        5.7869078505422875     
   13.499999999999968        4.1998957672158470        5.8001042327841530     
   13.599999999999968        4.1868973307076089        5.8131026692923911     
   13.699999999999967        4.1740938707469954        5.8259061292530046     
   13.799999999999967        4.1614824626857905        5.8385175373142095     
   13.899999999999967        4.1490602257455036        5.8509397742544964     
   13.999999999999966        4.1368243223593213        5.8631756776406787     
   14.099999999999966        4.1247719575239312        5.8752280424760688     
   14.199999999999966        4.1129003781610720        5.8870996218389280     
   14.299999999999965        4.1012068724886559        5.8987931275113441     
   14.399999999999965        4.0896887694013264        5.9103112305986736     
   14.499999999999964        4.0783434378603065        5.9216565621396935     
   14.599999999999964        4.0671682862924019        5.9328317137075981     
   14.699999999999964        4.0561607619980160        5.9438392380019840     
   14.799999999999963        4.0453183505680457        5.9546816494319543     
   14.899999999999963        4.0346385753095255        5.9653614246904745     
   14.999999999999963        4.0241189966798823        5.9758810033201177     
   15.099999999999962        4.0137572117296845        5.9862427882703155     
   15.199999999999962        4.0035508535537394        5.9964491464462606     
   15.299999999999962        3.9934975907504335        6.0065024092495669     
   15.399999999999961        3.9835951268891772        6.0164048731108224     
   15.499999999999961        3.9738411999858396        6.0261588000141604     
   15.599999999999961        3.9642335819860519        6.0357664180139476     
   15.699999999999960        3.9547700782562609        6.0452299217437391     
   15.799999999999960        3.9454485270824171        6.0545514729175824     
   15.899999999999959        3.9362667991761811        6.0637332008238189     
   15.999999999999959        3.9272227971885383        6.0727772028114622     
   16.099999999999959        3.9183144552307101        6.0816855447692895     
   16.199999999999960        3.9095397384022497        6.0904602615977499     
   16.299999999999962        3.9008966423262157        6.0991033576737843     
   16.399999999999963        3.8923831926913222        6.1076168073086778     
   16.499999999999964        3.8839974448009524        6.1160025551990476     
   16.599999999999966        3.8757374831289382        6.1242625168710614     
   16.699999999999967        3.8676014208820040        6.1323985791179965     
   16.799999999999969        3.8595873995687739        6.1404126004312261     
   16.899999999999970        3.8516935885752424        6.1483064114247572     
   16.999999999999972        3.8439181847466135        6.1560818152533869     
   17.099999999999973        3.8362594119754143        6.1637405880245861     
   17.199999999999974        3.8287155207957833        6.1712844792042167     
   17.299999999999976        3.8212847879838465        6.1787152120161535     
   17.399999999999977        3.8139655161640889        6.1860344838359111     
   17.499999999999979        3.8067560334216273        6.1932439665783727     
   17.599999999999980        3.7996546929203028        6.2003453070796972     
   17.699999999999982        3.7926598725264982        6.2073401274735023     
   17.799999999999983        3.7857699744386006        6.2142300255613989     
   17.899999999999984        3.7789834248220218        6.2210165751779787     
   17.999999999999986        3.7722986734496913        6.2277013265503083     
   18.099999999999987        3.7657141933479461        6.2342858066520535     
   18.199999999999989        3.7592284804477267        6.2407715195522737     
   18.299999999999990        3.7528400532410107        6.2471599467589893     
   18.399999999999991        3.7465474524423956        6.2534525475576039     
   18.499999999999993        3.7403492406557599        6.2596507593442396     
   18.599999999999994        3.7342440020459233        6.2657559979540771     
   18.699999999999996        3.7282303420152343        6.2717696579847662     
   18.799999999999997        3.7223068868850056        6.2776931131149940     
   18.899999999999999        3.7164722835817305        6.2835277164182699     
   19.000000000000000        3.7107251993280048        6.2892748006719952     
   19.100000000000001        3.7050643213380847        6.2949356786619148     
   19.200000000000003        3.6994883565180134        6.3005116434819861     
   19.300000000000004        3.6939960311702431        6.3060039688297564     
   19.400000000000006        3.6885860907026893        6.3114139092973112     
   19.500000000000007        3.6832572993421491        6.3167427006578514     
   19.600000000000009        3.6780084398520168        6.3219915601479837     
   19.700000000000010        3.6728383132542368        6.3271616867457627     
   19.800000000000011        3.6677457385554235        6.3322542614445769     
   19.900000000000013        3.6627295524770922        6.3372704475229078     
   20.000000000000014        3.6577886091899359        6.3422113908100641     
   20.100000000000016        3.6529217800520870        6.3470782199479130     
   20.200000000000017        3.6481279533513056        6.3518720466486940     
   20.300000000000018        3.6434060340510359        6.3565939659489636     
   20.400000000000020        3.6387549435402704        6.3612450564597296     
   20.500000000000021        3.6341736193871661        6.3658263806128339     
   20.600000000000023        3.6296610150963584        6.3703389849036416     
   20.700000000000024        3.6252160998699128        6.3747839001300868     
   20.800000000000026        3.6208378583718641        6.3791621416281359     
   20.900000000000027        3.6165252904962859        6.3834747095037141     
   21.000000000000028        3.6122774111388418        6.3877225888611582     
   21.100000000000030        3.6080932499717591        6.3919067500282409     
   21.200000000000031        3.6039718512221826        6.3960281487778179     
   21.300000000000033        3.5999122734538496        6.4000877265461504     
   21.400000000000034        3.5959135893520418        6.4040864106479578     
   21.500000000000036        3.5919748855117613        6.4080251144882387     
   21.600000000000037        3.5880952622290847        6.4119047377709153     
   21.700000000000038        3.5842738332956485        6.4157261667043510     
   21.800000000000040        3.5805097257962135        6.4194902742037865     
   21.900000000000041        3.5768020799092706        6.4231979200907290     
   22.000000000000043        3.5731500487106316        6.4268499512893680     
   22.100000000000044        3.5695527979799722        6.4304472020200283     
   22.200000000000045        3.5660095060102726        6.4339904939897270     
   22.300000000000047        3.5625193634201184        6.4374806365798811     
   22.400000000000048        3.5590815729688168        6.4409184270311837     
   22.500000000000050        3.5556953493742842        6.4443046506257158     
   22.600000000000051        3.5523599191336701        6.4476400808663303     
   22.700000000000053        3.5490745203466654        6.4509254796533346     
   22.800000000000054        3.5458384025414653        6.4541615974585351     
   22.900000000000055        3.5426508265033432        6.4573491734966568     
   23.000000000000057        3.5395110641057932        6.4604889358942064     
   23.100000000000058        3.5364183981442063        6.4635816018557932     
   23.200000000000060        3.5333721221720431        6.4666278778279569     
   23.300000000000061        3.5303715403394622        6.4696284596605373     
   23.400000000000063        3.5274159672343703        6.4725840327656297     
   23.500000000000064        3.5245047277258550        6.4754952722741450     
   23.600000000000065        3.5216371568099669        6.4783628431900331     
   23.700000000000067        3.5188125994578177        6.4811874005421828     
   23.800000000000068        3.5160304104659503        6.4839695895340501     
   23.900000000000070        3.5132899543089611        6.4867100456910389     
   24.000000000000071        3.5105906049943267        6.4894093950056728     
   24.100000000000072        3.5079317459194117        6.4920682540805883     
   24.200000000000074        3.5053127697306206        6.4946872302693794     
   24.300000000000075        3.5027330781846615        6.4972669218153385     
   24.400000000000077        3.5001920820118917        6.4998079179881083     
   24.500000000000078        3.4976892007817133        6.5023107992182867     
   24.600000000000080        3.4952238627699876        6.5047761372300119     
   24.700000000000081        3.4927955048284378        6.5072044951715622     
   24.800000000000082        3.4904035722560116        6.5095964277439879     
   24.900000000000084        3.4880475186721713        6.5119524813278282     
   25.000000000000085        3.4857268058920887        6.5142731941079113     
   25.100000000000087        3.4834409038037073        6.5165590961962927     
   25.200000000000088        3.4811892902466517        6.5188107097533479     
   25.300000000000090        3.4789714508929519        6.5210285491070481     
   25.400000000000091        3.4767868791295578        6.5232131208704427     
   25.500000000000092        3.4746350759426141        6.5253649240573859     
   25.600000000000094        3.4725155498034748        6.5274844501965248     
   25.700000000000095        3.4704278165564224        6.5295721834435776     
   25.800000000000097        3.4683713993080758        6.5316286006919242     
   25.900000000000098        3.4663458283184547        6.5336541716815457     
   26.000000000000099        3.4643506408936782        6.5356493591063218     
   26.100000000000101        3.4623853812802730        6.5376146187197275     
   26.200000000000102        3.4604496005610690        6.5395503994389310     
   26.300000000000104        3.4585428565526528        6.5414571434473476     
   26.400000000000105        3.4566647137043631        6.5433352862956369     
   26.500000000000107        3.4548147429987974        6.5451852570012026     
   26.600000000000108        3.4529925218538158        6.5470074781461847     
   26.700000000000109        3.4511976340260087        6.5488023659739909     
   26.800000000000111        3.4494296695156188        6.5505703304843816     
   26.900000000000112        3.4476882244728846        6.5523117755271159     
   27.000000000000114        3.4459729011057911        6.5540270988942089     
   27.100000000000115        3.4442833075892043        6.5557166924107957     
   27.200000000000117        3.4426190579753664        6.5573809420246336     
   27.300000000000118        3.4409797721057358        6.5590202278942638     
   27.400000000000119        3.4393650755241496        6.5606349244758508     
   27.500000000000121        3.4377745993912874        6.5622254006087122     
   27.600000000000122        3.4362079804004182        6.5637920195995818     
   27.700000000000124        3.4346648606944119        6.5653351393055885     
   27.800000000000125        3.4331448877839961        6.5668551122160039     
   27.900000000000126        3.4316477144672359        6.5683522855327645     
   28.000000000000128        3.4301729987502276        6.5698270012497719     
   28.100000000000129        3.4287204037689745        6.5712795962310260     
   28.200000000000131        3.4272895977124396        6.5727104022875604     
   28.300000000000132        3.4258802537467528        6.5741197462532472     
   28.400000000000134        3.4244920499405516        6.5755079500594480     
   28.500000000000135        3.4231246691914436        6.5768753308085568     
   28.600000000000136        3.4217777991535718        6.5782222008464277     
   28.700000000000138        3.4204511321662685        6.5795488678337311     
   28.800000000000139        3.4191443651837745        6.5808556348162259     
   28.900000000000141        3.4178571997060176        6.5821428002939824     
   29.000000000000142        3.4165893417104272        6.5834106582895728     
   29.100000000000144        3.4153405015847711        6.5846594984152294     
   29.200000000000145        3.4141103940609994        6.5858896059390002     
   29.300000000000146        3.4128987381500844        6.5871012618499156     
   29.400000000000148        3.4117052570778332        6.5882947429221668     
   29.500000000000149        3.4105296782216659        6.5894703217783341     
   29.600000000000151        3.4093717330483408        6.5906282669516596     
   29.700000000000152        3.4082311570526156        6.5917688429473849     
   29.800000000000153        3.4071076896968266        6.5928923103031734     
   29.900000000000155        3.4060010743513742        6.5939989256486253     
   30.000000000000156        3.4049110582361033        6.5950889417638967     
   30.100000000000158        3.4038373923625618        6.5961626076374387     
   30.200000000000159        3.4027798314771234        6.5972201685228766     
   30.300000000000161        3.4017381340049666        6.5982618659950329     
   30.400000000000162        3.4007120619948918        6.5992879380051086     
   30.500000000000163        3.3997013810649683        6.6002986189350317     
   30.600000000000165        3.3987058603489939        6.6012941396510065     
   30.700000000000166        3.3977252724437590        6.6022747275562406     
   30.800000000000168        3.3967593933571028        6.6032406066428972     
   30.900000000000169        3.3958080024567465        6.6041919975432535     
   31.000000000000171        3.3948708824198954        6.6051291175801046     
   31.100000000000172        3.3939478191835968        6.6060521808164037     
   31.200000000000173        3.3930386018958427        6.6069613981041577     
   31.300000000000175        3.3921430228674052        6.6078569771325952     
   31.400000000000176        3.3912608775243944        6.6087391224756056     
   31.500000000000178        3.3903919643615286        6.6096080356384714     
   31.600000000000179        3.3895360848961054        6.6104639151038942     
   31.700000000000180        3.3886930436226637        6.6113069563773363     
   31.800000000000182        3.3878626479683236        6.6121373520316764     
   31.900000000000183        3.3870447082487987        6.6129552917512013     
   32.000000000000185        3.3862390376250668        6.6137609623749327     
   32.100000000000186        3.3854454520606909        6.6145545479393091     
   32.200000000000188        3.3846637702797806        6.6153362297202190     
   32.300000000000189        3.3838938137255838        6.6161061862744166     
   32.400000000000190        3.3831354065197004        6.6168645934802992     
   32.500000000000192        3.3823883754219048        6.6176116245780952     
   32.600000000000193        3.3816525497905761        6.6183474502094235     
   32.700000000000195        3.3809277615437172        6.6190722384562832     
   32.800000000000196        3.3802138451205614        6.6197861548794386     
   32.900000000000198        3.3795106374437531        6.6204893625562473     
   33.000000000000199        3.3788179778820968        6.6211820221179032     
   33.100000000000200        3.3781357082138652        6.6218642917861352     
   33.200000000000202        3.3774636725906571        6.6225363274093425     
   33.300000000000203        3.3768017175017975        6.6231982824982030     
   33.400000000000205        3.3761496917392706        6.6238503082607298     
   33.500000000000206        3.3755074463631813        6.6244925536368182     
   33.600000000000207        3.3748748346677333        6.6251251653322667     
   33.700000000000209        3.3742517121477174        6.6257482878522822     
   33.800000000000210        3.3736379364655016        6.6263620635344989     
   33.900000000000212        3.3730333674185191        6.6269666325814809     
   34.000000000000213        3.3724378669072417        6.6275621330927583     
   34.100000000000215        3.3718512989036329        6.6281487010963671     
   34.200000000000216        3.3712735294200784        6.6287264705799220     
   34.300000000000217        3.3707044264787775        6.6292955735212225     
   34.400000000000219        3.3701438600815958        6.6298561399184042     
   34.500000000000220        3.3695917021803719        6.6304082978196277     
   34.600000000000222        3.3690478266476664        6.6309521733523340     
   34.700000000000223        3.3685121092479515        6.6314878907520480     
   34.800000000000225        3.3679844276092323        6.6320155723907677     
   34.900000000000226        3.3674646611950938        6.6325353388049066     
   35.000000000000227        3.3669526912771675        6.6330473087228325     
   35.100000000000229        3.3664484009080100        6.6335515990919900     
   35.200000000000230        3.3659516748943896        6.6340483251056099     
   35.300000000000232        3.3654623997709741        6.6345376002290255     
   35.400000000000233        3.3649804637744092        6.6350195362255908     
   35.500000000000234        3.3645057568177932        6.6354942431822064     
   35.600000000000236        3.3640381704655260        6.6359618295344740     
   35.700000000000237        3.3635775979085434        6.6364224020914566     
   35.800000000000239        3.3631239339399155        6.6368760660600845     
   35.900000000000240        3.3626770749308168        6.6373229250691832     
   36.000000000000242        3.3622369188068544        6.6377630811931461     
   36.100000000000243        3.3618033650247519        6.6381966349752481     
   36.200000000000244        3.3613763145493807        6.6386236854506198     
   36.300000000000246        3.3609556698311400        6.6390443301688595     
   36.400000000000247        3.3605413347836732        6.6394586652163268     
   36.500000000000249        3.3601332147619183        6.6398667852380822     
   36.600000000000250        3.3597312165404896        6.6402687834595104     
   36.700000000000252        3.3593352482923819        6.6406647517076181     
   36.800000000000253        3.3589452195679961        6.6410547804320039     
   36.900000000000254        3.3585610412744762        6.6414389587255238     
   37.000000000000256        3.3581826256553589        6.6418173743446411     
   37.100000000000257        3.3578098862705286        6.6421901137294714     
   37.200000000000259        3.3574427379764704        6.6425572620235300     
   37.300000000000260        3.3570810969068234        6.6429189030931770     
   37.400000000000261        3.3567248804532208        6.6432751195467787     
   37.500000000000263        3.3563740072464223        6.6436259927535772     
   37.600000000000264        3.3560283971377260        6.6439716028622744     
   37.700000000000266        3.3556879711806604        6.6443120288193391     
   37.800000000000267        3.3553526516129506        6.6446473483870498     
   37.900000000000269        3.3550223618387567        6.6449776381612438     
   38.000000000000270        3.3546970264111753        6.6453029735888247     
   38.100000000000271        3.3543765710150080        6.6456234289849920     
   38.200000000000273        3.3540609224497828        6.6459390775502172     
   38.300000000000274        3.3537500086130358        6.6462499913869646     
   38.400000000000276        3.3534437584838406        6.6465562415161594     
   38.500000000000277        3.3531421021065828        6.6468578978934172     
   38.600000000000279        3.3528449705749841        6.6471550294250159     
   38.700000000000280        3.3525522960163592        6.6474477039836408     
   38.800000000000281        3.3522640115761138        6.6477359884238858     
   38.900000000000283        3.3519800514024718        6.6480199485975282     
   39.000000000000284        3.3517003506314347        6.6482996493685658     
   39.100000000000286        3.3514248453719633        6.6485751546280367     
   39.200000000000287        3.3511534726913839        6.6488465273086161     
   39.300000000000288        3.3508861706010133        6.6491138293989867     
   39.400000000000290        3.3506228780419982        6.6493771219580022     
   39.500000000000291        3.3503635348713683        6.6496364651286317     
   39.600000000000293        3.3501080818482976        6.6498919181517024     
   39.700000000000294        3.3498564606205732        6.6501435393794264     
   39.800000000000296        3.3496086137112648        6.6503913862887352     
   39.900000000000297        3.3493644845055961        6.6506355154944039     
   40.000000000000298        3.3491240172380121        6.6508759827619883     
   40.100000000000300        3.3488871569794423        6.6511128430205577     
   40.200000000000301        3.3486538496247507        6.6513461503752493     
   40.300000000000303        3.3484240418803792        6.6515759581196203     
   40.400000000000304        3.3481976812521737        6.6518023187478263     
   40.500000000000306        3.3479747160333910        6.6520252839666085     
   40.600000000000307        3.3477550952928903        6.6522449047071097     
   40.700000000000308        3.3475387688634970        6.6524612311365026     
   40.800000000000310        3.3473256873305446        6.6526743126694559     
   40.900000000000311        3.3471158020205865        6.6528841979794135     
   41.000000000000313        3.3469090649902777        6.6530909350097218     
   41.100000000000314        3.3467054290154237        6.6532945709845759     
   41.200000000000315        3.3465048475801926        6.6534951524198078     
   41.300000000000317        3.3463072748664895        6.6536927251335101     
   41.400000000000318        3.3461126657434921        6.6538873342565079     
   41.500000000000320        3.3459209757573398        6.6540790242426606     
   41.600000000000321        3.3457321611209800        6.6542678388790204     
   41.700000000000323        3.3455461787041654        6.6544538212958351     
   41.800000000000324        3.3453629860236029        6.6546370139763971     
   41.900000000000325        3.3451825412332488        6.6548174587667512     
   42.000000000000327        3.3450048031147501        6.6549951968852499     
   42.100000000000328        3.3448297310680286        6.6551702689319718     
   42.200000000000330        3.3446572851020080        6.6553427148979925     
   42.300000000000331        3.3444874258254780        6.6555125741745220     
   42.400000000000333        3.3443201144380956        6.6556798855619039     
   42.500000000000334        3.3441553127215244        6.6558446872784760     
   42.600000000000335        3.3439929830307014        6.6560070169692986     
   42.700000000000337        3.3438330882852410        6.6561669117147595     
   42.800000000000338        3.3436755919609622        6.6563244080390378     
   42.900000000000340        3.3435204580815476        6.6564795419184524     
   43.000000000000341        3.3433676512103245        6.6566323487896755     
   43.100000000000342        3.3432171364421697        6.6567828635578303     
   43.200000000000344        3.3430688793955370        6.6569311206044635     
   43.300000000000345        3.3429228462046039        6.6570771537953961     
   43.400000000000347        3.3427790035115348        6.6572209964884657     
   43.500000000000348        3.3426373184588618        6.6573626815411382     
   43.600000000000350        3.3424977586819788        6.6575022413180207     
   43.700000000000351        3.3423602923017492        6.6576397076982508     
   43.800000000000352        3.3422248879172232        6.6577751120827768     
   43.900000000000354        3.3420915145984647        6.6579084854015349     
   44.000000000000355        3.3419601418794875        6.6580398581205120     
   44.100000000000357        3.3418307397512952        6.6581692602487053     
   44.200000000000358        3.3417032786550256        6.6582967213449749     
   44.300000000000360        3.3415777294752003        6.6584222705247997     
   44.400000000000361        3.3414540635330723        6.6585459364669273     
   44.500000000000362        3.3413322525800759        6.6586677474199245     
   44.600000000000364        3.3412122687913750        6.6587877312086245     
   44.700000000000365        3.3410940847595043        6.6589059152404957     
   44.800000000000367        3.3409776734881120        6.6590223265118880     
   44.900000000000368        3.3408630083857904        6.6591369916142096     
   45.000000000000369        3.3407500632600033        6.6592499367399967     
   45.100000000000371        3.3406388123111030        6.6593611876888970     
   45.200000000000372        3.3405292301264367        6.6594707698735629     
   45.300000000000374        3.3404212916745402        6.6595787083254603     
   45.400000000000375        3.3403149722994221        6.6596850277005775     
   45.500000000000377        3.3402102477149307        6.6597897522850698     
   45.600000000000378        3.3401070939992068        6.6598929060007936     
   45.700000000000379        3.3400054875892184        6.6599945124107816     
   45.800000000000381        3.3399054052753803        6.6600945947246197     
   45.900000000000382        3.3398068241962493        6.6601931758037507     
   46.000000000000384        3.3397097218333056        6.6602902781666948     
   46.100000000000385        3.3396140760058057        6.6603859239941947     
   46.200000000000387        3.3395198648657187        6.6604801351342813     
   46.300000000000388        3.3394270668927328        6.6605729331072672     
   46.400000000000389        3.3393356608893421        6.6606643391106584     
   46.500000000000391        3.3392456259760022        6.6607543740239983     
   46.600000000000392        3.3391569415863622        6.6608430584136382     
   46.700000000000394        3.3390695874625669        6.6609304125374331     
   46.800000000000395        3.3389835436506283        6.6610164563493717     
   46.900000000000396        3.3388987904958687        6.6611012095041318     
   47.000000000000398        3.3388153086384307        6.6611846913615693     
   47.100000000000399        3.3387330790088541        6.6612669209911459     
   47.200000000000401        3.3386520828237214        6.6613479171762791     
   47.300000000000402        3.3385723015813658        6.6614276984186347     
   47.400000000000404        3.3384937170576450        6.6615062829423550     
   47.500000000000405        3.3384163113017804        6.6615836886982196     
   47.600000000000406        3.3383400666322540        6.6616599333677460     
   47.700000000000408        3.3382649656327703        6.6617350343672292     
   47.800000000000409        3.3381909911482786        6.6618090088517210     
   47.900000000000411        3.3381181262810542        6.6618818737189454     
   48.000000000000412        3.3380463543868384        6.6619536456131616     
   48.100000000000414        3.3379756590710357        6.6620243409289639     
   48.200000000000415        3.3379060241849698        6.6620939758150302     
   48.300000000000416        3.3378374338221954        6.6621625661778046     
   48.400000000000418        3.3377698723148623        6.6622301276851381     
   48.500000000000419        3.3377033242301395        6.6622966757698610     
   48.600000000000421        3.3376377743666872        6.6623622256333128     
   48.700000000000422        3.3375732077511868        6.6624267922488132     
   48.800000000000423        3.3375096096349188        6.6624903903650807     
   48.900000000000425        3.3374469654903951        6.6625530345096049     
   49.000000000000426        3.3373852610080390        6.6626147389919606     
   49.100000000000428        3.3373244820929182        6.6626755179070818     
   49.200000000000429        3.3372646148615246        6.6627353851384754     
   49.300000000000431        3.3372056456386017        6.6627943543613988     
   49.400000000000432        3.3371475609540227        6.6628524390459773     
   49.500000000000433        3.3370903475397125        6.6629096524602875     
   49.600000000000435        3.3370339923266168        6.6629660076733828     
   49.700000000000436        3.3369784824417175        6.6630215175582830     
   49.800000000000438        3.3369238052050920        6.6630761947949075     
   49.900000000000439        3.3368699481270157        6.6631300518729848     
   50.000000000000441        3.3368168989051106        6.6631831010948890     
   50.100000000000442        3.3367646454215341        6.6632353545784664     
   50.200000000000443        3.3367131757402113        6.6632868242597887     
   50.300000000000445        3.3366624781041083        6.6633375218958921     
   50.400000000000446        3.3366125409325464        6.6633874590674536     
   50.500000000000448        3.3365633528185583        6.6634366471814417     
   50.600000000000449        3.3365149025262797        6.6634850974737203     
   50.700000000000450        3.3364671789883857        6.6635328210116143     
   50.800000000000452        3.3364201713035597        6.6635798286964398     
   50.900000000000453        3.3363738687340061        6.6636261312659943     
   51.000000000000455        3.3363282607029960        6.6636717392970040     
   51.100000000000456        3.3362833367924511        6.6637166632075484     
   51.200000000000458        3.3362390867405645        6.6637609132594360     
   51.300000000000459        3.3361955004394561        6.6638044995605439     
   51.400000000000460        3.3361525679328645        6.6638474320671355     
   51.500000000000462        3.3361102794138713        6.6638897205861287     
   51.600000000000463        3.3360686252226630        6.6639313747773370     
   51.700000000000465        3.3360275958443228        6.6639724041556772     
   51.800000000000466        3.3359871819066580        6.6640128180933420     
   51.900000000000468        3.3359473741780579        6.6640526258219417     
   52.000000000000469        3.3359081635653873        6.6640918364346131     
   52.100000000000470        3.3358695411119066        6.6641304588880939     
   52.200000000000472        3.3358314979952279        6.6641685020047721     
   52.300000000000473        3.3357940255252996        6.6642059744747009     
   52.400000000000475        3.3357571151424201        6.6642428848575799     
   52.500000000000476        3.3357207584152841        6.6642792415847154     
   52.600000000000477        3.3356849470390548        6.6643150529609452     
   52.700000000000479        3.3356496728334690        6.6643503271665310     
   52.800000000000480        3.3356149277409668        6.6643850722590336     
   52.900000000000482        3.3355807038248524        6.6644192961751472     
   53.000000000000483        3.3355469932674797        6.6644530067325203     
   53.100000000000485        3.3355137883684676        6.6644862116315320     
   53.200000000000486        3.3354810815429405        6.6645189184570590     
   53.300000000000487        3.3354488653197962        6.6645511346802042     
   53.400000000000489        3.3354171323399990        6.6645828676600010     
   53.500000000000490        3.3353858753548988        6.6646141246451016     
   53.600000000000492        3.3353550872245754        6.6646449127754241     
   53.700000000000493        3.3353247609162069        6.6646752390837936     
   53.800000000000495        3.3352948895024639        6.6647051104975361     
   53.900000000000496        3.3352654661599268        6.6647345338400736     
   54.000000000000497        3.3352364841675279        6.6647635158324725     
   54.100000000000499        3.3352079369050149        6.6647920630949855     
   54.200000000000500        3.3351798178514396        6.6648201821485600     
   54.300000000000502        3.3351521205836678        6.6648478794163317     
   54.400000000000503        3.3351248387749126        6.6648751612250869     
   54.500000000000504        3.3350979661932887        6.6649020338067118     
   54.600000000000506        3.3350714967003894        6.6649285032996106     
   54.700000000000507        3.3350454242498837        6.6649545757501159     
   54.800000000000509        3.3350197428861357        6.6649802571138643     
   54.900000000000510        3.3349944467428436        6.6650055532571564     
   55.000000000000512        3.3349695300417008        6.6650304699582996     
   55.100000000000513        3.3349449870910752        6.6650550129089243     
   55.200000000000514        3.3349208122847092        6.6650791877152908     
   55.300000000000516        3.3348970001004385        6.6651029998995615     
   55.400000000000517        3.3348735450989317        6.6651264549010687     
   55.500000000000519        3.3348504419224478        6.6651495580775517     
   55.600000000000520        3.3348276852936114        6.6651723147063890     
   55.700000000000522        3.3348052700142072        6.6651947299857923     
   55.800000000000523        3.3347831909639942        6.6652168090360053     
   55.900000000000524        3.3347614430995343        6.6652385569004657     
   56.000000000000526        3.3347400214530412        6.6652599785469588     
   56.100000000000527        3.3347189211312456        6.6652810788687544     
   56.200000000000529        3.3346981373142768        6.6653018626857232     
   56.300000000000530        3.3346776652545627        6.6653223347454373     
   56.400000000000531        3.3346575002757444        6.6653424997242556     
   56.500000000000533        3.3346376377716083        6.6653623622283913     
   56.600000000000534        3.3346180732050343        6.6653819267949661     
   56.700000000000536        3.3345988021069588        6.6654011978930416     
   56.800000000000537        3.3345798200753545        6.6654201799246451     
   56.900000000000539        3.3345611227742240        6.6654388772257764     
   57.000000000000540        3.3345427059326105        6.6654572940673891     
   57.100000000000541        3.3345245653436213        6.6654754346563792     
   57.200000000000543        3.3345066968634667        6.6654933031365333     
   57.300000000000544        3.3344890964105147        6.6655109035894853     
   57.400000000000546        3.3344717599643570        6.6655282400356430     
   57.500000000000547        3.3344546835648914        6.6655453164351091     
   57.600000000000549        3.3344378633114182        6.6655621366885818     
   57.700000000000550        3.3344212953617469        6.6655787046382535     
   57.800000000000551        3.3344049759313208        6.6655950240686792     
   57.900000000000553        3.3343889012923511        6.6656110987076485     
   58.000000000000554        3.3343730677729657        6.6656269322270347     
   58.100000000000556        3.3343574717563711        6.6656425282436285     
   58.200000000000557        3.3343421096800254        6.6656578903199746     
   58.300000000000558        3.3343269780348250        6.6656730219651745     
   58.400000000000560        3.3343120733643028        6.6656879266356972     
   58.500000000000561        3.3342973922638381        6.6657026077361614     
   58.600000000000563        3.3342829313798807        6.6657170686201193     
   58.700000000000564        3.3342686874091827        6.6657313125908173     
   58.800000000000566        3.3342546570980449        6.6657453429019551     
   58.900000000000567        3.3342408372415746        6.6657591627584249     
   59.000000000000568        3.3342272246829512        6.6657727753170484     
   59.100000000000570        3.3342138163127069        6.6657861836872936     
   59.200000000000571        3.3342006090680165        6.6657993909319835     
   59.300000000000573        3.3341875999319961        6.6658124000680044     
   59.400000000000574        3.3341747859330164        6.6658252140669836     
   59.500000000000576        3.3341621641440211        6.6658378358559789     
   59.600000000000577        3.3341497316818609        6.6658502683181391     
   59.700000000000578        3.3341374857066333        6.6658625142933667     
   59.800000000000580        3.3341254234210336        6.6658745765789664     
   59.900000000000581        3.3341135420697183        6.6658864579302817     
   60.000000000000583        3.3341018389386723        6.6658981610613282     
   60.100000000000584        3.3340903113545926        6.6659096886454074     
   60.200000000000585        3.3340789566842735        6.6659210433157270     
   60.300000000000587        3.3340677723340093        6.6659322276659907     
   60.400000000000588        3.3340567557489993        6.6659432442510003     
   60.500000000000590        3.3340459044127644        6.6659540955872352     
   60.600000000000591        3.3340352158465731        6.6659647841534273     
   60.700000000000593        3.3340246876088746        6.6659753123911258     
   60.800000000000594        3.3340143172947414        6.6659856827052586     
   60.900000000000595        3.3340041025353204        6.6659958974646791     
   61.000000000000597        3.3339940409972906        6.6660059590027094     
   61.100000000000598        3.3339841303823312        6.6660158696176683     
   61.200000000000600        3.3339743684265963        6.6660256315734037     
   61.300000000000601        3.3339647529001972        6.6660352470998028     
   61.400000000000603        3.3339552816066944        6.6660447183933051     
   61.500000000000604        3.3339459523825941        6.6660540476174059     
   61.600000000000605        3.3339367630968550        6.6660632369031454     
   61.700000000000607        3.3339277116504022        6.6660722883495982     
   61.800000000000608        3.3339187959756460        6.6660812040243540     
   61.900000000000610        3.3339100140360114        6.6660899859639891     
   62.000000000000611        3.3339013638254711        6.6660986361745289     
   62.100000000000612        3.3338928433680888        6.6661071566319112     
   62.200000000000614        3.3338844507175676        6.6661155492824324     
   62.300000000000615        3.3338761839568041        6.6661238160431964     
   62.400000000000617        3.3338680411974519        6.6661319588025485     
   62.500000000000618        3.3338600205794902        6.6661399794205103     
   62.600000000000620        3.3338521202707976        6.6661478797292020     
   62.700000000000621        3.3338443384667356        6.6661556615332644     
   62.800000000000622        3.3338366733897344        6.6661633266102651     
   62.900000000000624        3.3338291232888881        6.6661708767111119     
   63.000000000000625        3.3338216864395549        6.6661783135604455     
   63.100000000000627        3.3338143611429616        6.6661856388570389     
   63.200000000000628        3.3338071457258174        6.6661928542741826     
   63.300000000000630        3.3338000385399305        6.6661999614600695     
   63.400000000000631        3.3337930379618315        6.6662069620381690     
   63.500000000000632        3.3337861423924040        6.6662138576075964     
   63.600000000000634        3.3337793502565178        6.6662206497434822     
   63.700000000000635        3.3337726600026700        6.6662273399973300     
   63.800000000000637        3.3337660701026297        6.6662339298973698     
   63.900000000000638        3.3337595790510903        6.6662404209489097     
   64.000000000000639        3.3337531853653237        6.6662468146346763     
   64.100000000000634        3.3337468875848439        6.6662531124151556     
   64.200000000000628        3.3337406842710715        6.6662593157289285     
   64.300000000000622        3.3337345740070057        6.6662654259929948     
   64.400000000000617        3.3337285553969007        6.6662714446030993     
   64.500000000000611        3.3337226270659475        6.6662773729340525     
   64.600000000000605        3.3337167876599580        6.6662832123400424     
   64.700000000000600        3.3337110358450586        6.6662889641549414     
   64.800000000000594        3.3337053703073827        6.6662946296926169     
   64.900000000000588        3.3336997897527718        6.6663002102472282     
   65.000000000000583        3.3336942929064803        6.6663057070935192     
   65.100000000000577        3.3336888785128829        6.6663111214871176     
   65.200000000000571        3.3336835453351896        6.6663164546648108     
   65.300000000000566        3.3336782921551618        6.6663217078448387     
   65.400000000000560        3.3336731177728347        6.6663268822271657     
   65.500000000000554        3.3336680210062419        6.6663319789937585     
   65.600000000000549        3.3336630006911485        6.6663369993088519     
   65.700000000000543        3.3336580556807816        6.6663419443192184     
   65.800000000000537        3.3336531848455699        6.6663468151544301     
   65.900000000000531        3.3336483870728864        6.6663516129271141     
   66.000000000000526        3.3336436612667928        6.6663563387332072     
   66.100000000000520        3.3336390063477910        6.6663609936522086     
   66.200000000000514        3.3336344212525741        6.6663655787474259     
   66.300000000000509        3.3336299049337854        6.6663700950662150     
   66.400000000000503        3.3336254563597785        6.6663745436402220     
   66.500000000000497        3.3336210745143822        6.6663789254856178     
   66.600000000000492        3.3336167583966665        6.6663832416033335     
   66.700000000000486        3.3336125070207165        6.6663874929792835     
   66.800000000000480        3.3336083194154056        6.6663916805845940     
   66.900000000000475        3.3336041946241743        6.6663958053758261     
   67.000000000000469        3.3336001317048116        6.6663998682951888     
   67.100000000000463        3.3335961297292394        6.6664038702707611     
   67.200000000000458        3.3335921877833008        6.6664078122166988     
   67.300000000000452        3.3335883049665513        6.6664116950334487     
   67.400000000000446        3.3335844803920529        6.6664155196079466     
   67.500000000000441        3.3335807131861719        6.6664192868138281     
   67.600000000000435        3.3335770024883793        6.6664229975116207     
   67.700000000000429        3.3335733474510536        6.6664266525489460     
   67.800000000000423        3.3335697472392876        6.6664302527607120     
   67.900000000000418        3.3335662010306981        6.6664337989693019     
   68.000000000000412        3.3335627080152377        6.6664372919847619     
   68.100000000000406        3.3335592673950090        6.6664407326049915     
   68.200000000000401        3.3335558783840837        6.6664441216159158     
   68.300000000000395        3.3335525402083226        6.6664474597916774     
   68.400000000000389        3.3335492521051977        6.6664507478948023     
   68.500000000000384        3.3335460133236197        6.6664539866763803     
   68.600000000000378        3.3335428231237656        6.6664571768762340     
   68.700000000000372        3.3335396807769091        6.6664603192230913     
   68.800000000000367        3.3335365855652555        6.6664634144347445     
   68.900000000000361        3.3335335367817764        6.6664664632182236     
   69.000000000000355        3.3335305337300500        6.6664694662699500     
   69.100000000000350        3.3335275757240992        6.6664724242759004     
   69.200000000000344        3.3335246620882377        6.6664753379117627     
   69.300000000000338        3.3335217921569140        6.6664782078430864     
   69.400000000000333        3.3335189652745600        6.6664810347254395     
   69.500000000000327        3.3335161807954417        6.6664838192045579     
   69.600000000000321        3.3335134380835103        6.6664865619164893     
   69.700000000000315        3.3335107365122578        6.6664892634877422     
   69.800000000000310        3.3335080754645738        6.6664919245354266     
   69.900000000000304        3.3335054543326050        6.6664945456673950     
   70.000000000000298        3.3335028725176161        6.6664971274823834     
   70.100000000000293        3.3335003294298517        6.6664996705701487     
   70.200000000000287        3.3334978244884037        6.6665021755115959     
   70.300000000000281        3.3334953571210777        6.6665046428789223     
   70.400000000000276        3.3334929267642615        6.6665070732357385     
   70.500000000000270        3.3334905328627973        6.6665094671372032     
   70.600000000000264        3.3334881748698550        6.6665118251301454     
   70.700000000000259        3.3334858522468074        6.6665141477531922     
   70.800000000000253        3.3334835644631053        6.6665164355368951     
   70.900000000000247        3.3334813109961585        6.6665186890038415     
   71.000000000000242        3.3334790913312160        6.6665209086687840     
   71.100000000000236        3.3334769049612478        6.6665230950387517     
   71.200000000000230        3.3334747513868290        6.6665252486131710     
   71.300000000000225        3.3334726301160269        6.6665273698839727     
   71.400000000000219        3.3334705406642868        6.6665294593357132     
   71.500000000000213        3.3334684825543226        6.6665315174456774     
   71.600000000000207        3.3334664553160076        6.6665335446839924     
   71.700000000000202        3.3334644584862674        6.6665355415137331     
   71.800000000000196        3.3334624916089735        6.6665375083910270     
   71.900000000000190        3.3334605542348386        6.6665394457651619     
   72.000000000000185        3.3334586459213162        6.6665413540786833     
   72.100000000000179        3.3334567662324965        6.6665432337675039     
   72.200000000000173        3.3334549147390091        6.6665450852609904     
   72.300000000000168        3.3334530910179239        6.6665469089820757     
   72.400000000000162        3.3334512946526549        6.6665487053473456     
   72.500000000000156        3.3334495252328651        6.6665504747671349     
   72.600000000000151        3.3334477823543724        6.6665522176456271     
   72.700000000000145        3.3334460656190568        6.6665539343809428     
   72.800000000000139        3.3334443746347708        6.6665556253652287     
   72.900000000000134        3.3334427090152494        6.6665572909847501     
   73.000000000000128        3.3334410683800204        6.6665589316199796     
   73.100000000000122        3.3334394523543200        6.6665605476456804     
   73.200000000000117        3.3334378605690054        6.6665621394309946     
   73.300000000000111        3.3334362926604704        6.6665637073395292     
   73.400000000000105        3.3334347482705633        6.6665652517294367     
   73.500000000000099        3.3334332270465046        6.6665667729534954     
   73.600000000000094        3.3334317286408073        6.6665682713591927     
   73.700000000000088        3.3334302527111950        6.6665697472888050     
   73.800000000000082        3.3334287989205271        6.6665712010794724     
   73.900000000000077        3.3334273669367191        6.6665726330632804     
   74.000000000000071        3.3334259564326683        6.6665740435673317     
   74.100000000000065        3.3334245670861780        6.6665754329138220     
   74.200000000000060        3.3334231985798852        6.6665768014201152     
   74.300000000000054        3.3334218506011868        6.6665781493988128     
   74.400000000000048        3.3334205228421689        6.6665794771578311     
   74.500000000000043        3.3334192149995365        6.6665807850004635     
   74.600000000000037        3.3334179267745432        6.6665820732254568     
   74.700000000000031        3.3334166578729247        6.6665833421270753     
   74.800000000000026        3.3334154080048308        6.6665845919951696     
   74.900000000000020        3.3334141768847583        6.6665858231152413     
   75.000000000000014        3.3334129642314867        6.6665870357685133     
   75.100000000000009        3.3334117697680141        6.6665882302319854     
   75.200000000000003        3.3334105932214939        6.6665894067785061     
   75.299999999999997        3.3334094343231713        6.6665905656768292     
   75.399999999999991        3.3334082928083237        6.6665917071916763     
   75.499999999999986        3.3334071684161990        6.6665928315838006     
   75.599999999999980        3.3334060608899558        6.6665939391100437     
   75.699999999999974        3.3334049699766064        6.6665950300233936     
   75.799999999999969        3.3334038954269571        6.6665961045730429     
   75.899999999999963        3.3334028369955528        6.6665971630044467     
   75.999999999999957        3.3334017944406193        6.6665982055593807     
   76.099999999999952        3.3334007675240098        6.6665992324759902     
   76.199999999999946        3.3333997560111497        6.6666002439888503     
   76.299999999999940        3.3333987596709824        6.6666012403290171     
   76.399999999999935        3.3333977782759177        6.6666022217240819     
   76.499999999999929        3.3333968116017791        6.6666031883982209     
   76.599999999999923        3.3333958594277524        6.6666041405722476     
   76.699999999999918        3.3333949215363359        6.6666050784636646     
   76.799999999999912        3.3333939977132907        6.6666060022867093     
   76.899999999999906        3.3333930877475915        6.6666069122524085     
   76.999999999999901        3.3333921914313778        6.6666078085686227     
   77.099999999999895        3.3333913085599072        6.6666086914400928     
   77.199999999999889        3.3333904389315085        6.6666095610684915     
   77.299999999999883        3.3333895823475359        6.6666104176524641     
   77.399999999999878        3.3333887386123231        6.6666112613876773     
   77.499999999999872        3.3333879075331385        6.6666120924668615     
   77.599999999999866        3.3333870889201416        6.6666129110798584     
   77.699999999999861        3.3333862825863392        6.6666137174136608     
   77.799999999999855        3.3333854883475440        6.6666145116524564     
   77.899999999999849        3.3333847060223309        6.6666152939776691     
   77.999999999999844        3.3333839354319963        6.6666160645680037     
   78.099999999999838        3.3333831764005164        6.6666168235994832     
   78.199999999999832        3.3333824287545086        6.6666175712454914     
   78.299999999999827        3.3333816923231909        6.6666183076768091     
   78.399999999999821        3.3333809669383432        6.6666190330616573     
   78.499999999999815        3.3333802524342682        6.6666197475657318     
   78.599999999999810        3.3333795486477542        6.6666204513522462     
   78.699999999999804        3.3333788554180379        6.6666211445819616     
   78.799999999999798        3.3333781725867673        6.6666218274132323     
   78.899999999999793        3.3333774999979657        6.6666225000020347     
   78.999999999999787        3.3333768374979962        6.6666231625020043     
   79.099999999999781        3.3333761849355263        6.6666238150644741     
   79.199999999999775        3.3333755421614932        6.6666244578385072     
   79.299999999999770        3.3333749090290707        6.6666250909709293     
   79.399999999999764        3.3333742853936350        6.6666257146063650     
   79.499999999999758        3.3333736711127302        6.6666263288872702     
   79.599999999999753        3.3333730660460392        6.6666269339539603     
   79.699999999999747        3.3333724700553486        6.6666275299446518     
   79.799999999999741        3.3333718830045185        6.6666281169954811     
   79.899999999999736        3.3333713047594506        6.6666286952405489     
   79.999999999999730        3.3333707351880588        6.6666292648119416     
   80.099999999999724        3.3333701741602382        6.6666298258397614     
   80.199999999999719        3.3333696215478343        6.6666303784521652     
   80.299999999999713        3.3333690772246167        6.6666309227753828     
   80.399999999999707        3.3333685410662475        6.6666314589337521     
   80.499999999999702        3.3333680129502539        6.6666319870497457     
   80.599999999999696        3.3333674927560004        6.6666325072439996     
   80.699999999999690        3.3333669803646604        6.6666330196353396     
   80.799999999999685        3.3333664756591905        6.6666335243408099     
   80.899999999999679        3.3333659785243026        6.6666340214756978     
   80.999999999999673        3.3333654888464381        6.6666345111535623     
   81.099999999999667        3.3333650065137417        6.6666349934862588     
   81.199999999999662        3.3333645314160356        6.6666354685839639     
   81.299999999999656        3.3333640634447952        6.6666359365552044     
   81.399999999999650        3.3333636024931232        6.6666363975068768     
   81.499999999999645        3.3333631484557262        6.6666368515442738     
   81.599999999999639        3.3333627012288902        6.6666372987711098     
   81.699999999999633        3.3333622607104569        6.6666377392895431     
   81.799999999999628        3.3333618267998002        6.6666381732001998     
   81.899999999999622        3.3333613993978033        6.6666386006021963     
   81.999999999999616        3.3333609784068363        6.6666390215931637     
   82.099999999999611        3.3333605637307335        6.6666394362692660     
   82.199999999999605        3.3333601552747725        6.6666398447252275     
   82.299999999999599        3.3333597529456509        6.6666402470543495     
   82.399999999999594        3.3333593566514663        6.6666406433485337     
   82.499999999999588        3.3333589663016943        6.6666410336983057     
   82.599999999999582        3.3333585818071687        6.6666414181928317     
   82.699999999999577        3.3333582030800613        6.6666417969199383     
   82.799999999999571        3.3333578300338602        6.6666421699661402     
   82.899999999999565        3.3333574625833524        6.6666425374166476     
   82.999999999999559        3.3333571006446023        6.6666428993553977     
   83.099999999999554        3.3333567441349334        6.6666432558650666     
   83.199999999999548        3.3333563929729095        6.6666436070270905     
   83.299999999999542        3.3333560470783161        6.6666439529216834     
   83.399999999999537        3.3333557063721417        6.6666442936278578     
   83.499999999999531        3.3333553707765597        6.6666446292234403     
   83.599999999999525        3.3333550402149115        6.6666449597850885     
   83.699999999999520        3.3333547146116880        6.6666452853883120     
   83.799999999999514        3.3333543938925128        6.6666456061074868     
   83.899999999999508        3.3333540779841249        6.6666459220158751     
   83.999999999999503        3.3333537668143629        6.6666462331856371     
   84.099999999999497        3.3333534603121473        6.6666465396878527     
   84.199999999999491        3.3333531584074652        6.6666468415925344     
   84.299999999999486        3.3333528610313530        6.6666471389686475     
   84.399999999999480        3.3333525681158824        6.6666474318841171     
   84.499999999999474        3.3333522795941439        6.6666477204058561     
   84.599999999999469        3.3333519954002315        6.6666480045997680     
   84.699999999999463        3.3333517154692278        6.6666482845307726     
   84.799999999999457        3.3333514397371893        6.6666485602628107     
   84.899999999999451        3.3333511681411312        6.6666488318588684     
   84.999999999999446        3.3333509006190143        6.6666490993809857     
   85.099999999999440        3.3333506371097292        6.6666493628902703     
   85.199999999999434        3.3333503775530833        6.6666496224469167     
   85.299999999999429        3.3333501218897870        6.6666498781102135     
   85.399999999999423        3.3333498700614403        6.6666501299385601     
   85.499999999999417        3.3333496220105188        6.6666503779894812     
   85.599999999999412        3.3333493776803609        6.6666506223196391     
   85.699999999999406        3.3333491370151553        6.6666508629848451     
   85.799999999999400        3.3333488999599279        6.6666511000400721     
   85.899999999999395        3.3333486664605290        6.6666513335394715     
   85.999999999999389        3.3333484364636208        6.6666515635363792     
   86.099999999999383        3.3333482099166662        6.6666517900833338     
   86.199999999999378        3.3333479867679161        6.6666520132320839     
   86.299999999999372        3.3333477669663973        6.6666522330336022     
   86.399999999999366        3.3333475504619012        6.6666524495380983     
   86.499999999999361        3.3333473372049727        6.6666526627950269     
   86.599999999999355        3.3333471271468982        6.6666528728531018     
   86.699999999999349        3.3333469202396948        6.6666530797603052     
   86.799999999999343        3.3333467164360995        6.6666532835639005     
   86.899999999999338        3.3333465156895583        6.6666534843104417     
   86.999999999999332        3.3333463179542151        6.6666536820457853     
   87.099999999999326        3.3333461231849020        6.6666538768150980     
   87.199999999999321        3.3333459313371283        6.6666540686628721     
   87.299999999999315        3.3333457423670714        6.6666542576329286     
   87.399999999999309        3.3333455562315653        6.6666544437684347     
   87.499999999999304        3.3333453728880915        6.6666546271119085     
   87.599999999999298        3.3333451922947699        6.6666548077052301     
   87.699999999999292        3.3333450144103480        6.6666549855896520     
   87.799999999999287        3.3333448391941927        6.6666551608058073     
   87.899999999999281        3.3333446666062798        6.6666553333937202     
   87.999999999999275        3.3333444966071859        6.6666555033928141     
   88.099999999999270        3.3333443291580780        6.6666556708419220     
   88.199999999999264        3.3333441642207071        6.6666558357792933     
   88.299999999999258        3.3333440017573963        6.6666559982426037     
   88.399999999999253        3.3333438417310357        6.6666561582689638     
   88.499999999999247        3.3333436841050701        6.6666563158949295     
   88.599999999999241        3.3333435288434941        6.6666564711565055     
   88.699999999999235        3.3333433759108417        6.6666566240891587     
   88.799999999999230        3.3333432252721789        6.6666567747278211     
   88.899999999999224        3.3333430768930961        6.6666569231069044     
   88.999999999999218        3.3333429307396996        6.6666570692603004     
   89.099999999999213        3.3333427867786041        6.6666572132213959     
   89.199999999999207        3.3333426449769252        6.6666573550230748     
   89.299999999999201        3.3333425053022716        6.6666574946977288     
   89.399999999999196        3.3333423677227376        6.6666576322772624     
   89.499999999999190        3.3333422322068964        6.6666577677931036     
   89.599999999999184        3.3333420987237927        6.6666579012762073     
   89.699999999999179        3.3333419672429359        6.6666580327570646     
   89.799999999999173        3.3333418377342916        6.6666581622657084     
   89.899999999999167        3.3333417101682774        6.6666582898317230     
   89.999999999999162        3.3333415845157530        6.6666584154842470     
   90.099999999999156        3.3333414607480165        6.6666585392519835     
   90.199999999999150        3.3333413388367963        6.6666586611632042     
   90.299999999999145        3.3333412187542444        6.6666587812457561     
   90.399999999999139        3.3333411004729308        6.6666588995270697     
   90.499999999999133        3.3333409839658370        6.6666590160341634     
   90.599999999999127        3.3333408692063493        6.6666591307936507     
   90.699999999999122        3.3333407561682540        6.6666592438317460     
   90.799999999999116        3.3333406448257303        6.6666593551742697     
   90.899999999999110        3.3333405351533445        6.6666594648466555     
   90.999999999999105        3.3333404271260441        6.6666595728739555     
   91.099999999999099        3.3333403207191536        6.6666596792808459     
   91.199999999999093        3.3333402159083665        6.6666597840916335     
   91.299999999999088        3.3333401126697408        6.6666598873302592     
   91.399999999999082        3.3333400109796947        6.6666599890203049     
   91.499999999999076        3.3333399108149990        6.6666600891850010     
   91.599999999999071        3.3333398121527740        6.6666601878472260     
   91.699999999999065        3.3333397149704824        6.6666602850295176     
   91.799999999999059        3.3333396192459253        6.6666603807540747     
   91.899999999999054        3.3333395249572364        6.6666604750427636     
   91.999999999999048        3.3333394320828780        6.6666605679171216     
   92.099999999999042        3.3333393406016349        6.6666606593983655     
   92.199999999999037        3.3333392504926103        6.6666607495073897     
   92.299999999999031        3.3333391617352208        6.6666608382647787     
   92.399999999999025        3.3333390743091926        6.6666609256908078     
   92.499999999999019        3.3333389881945545        6.6666610118054450     
   92.599999999999014        3.3333389033716361        6.6666610966283635     
   92.699999999999008        3.3333388198210616        6.6666611801789379     
   92.799999999999002        3.3333387375237455        6.6666612624762545     
   92.899999999998997        3.3333386564608891        6.6666613435391113     
   92.999999999998991        3.3333385766139756        6.6666614233860244     
   93.099999999998985        3.3333384979647658        6.6666615020352342     
   93.199999999998980        3.3333384204952945        6.6666615795047051     
   93.299999999998974        3.3333383441878648        6.6666616558121348     
   93.399999999998968        3.3333382690250470        6.6666617309749530     
   93.499999999998963        3.3333381949896714        6.6666618050103281     
   93.599999999998957        3.3333381220648262        6.6666618779351738     
   93.699999999998951        3.3333380502338539        6.6666619497661461     
   93.799999999998946        3.3333379794803464        6.6666620205196541     
   93.899999999998940        3.3333379097881410        6.6666620902118590     
   93.999999999998934        3.3333378411413190        6.6666621588586814     
   94.099999999998929        3.3333377735241991        6.6666622264758004     
   94.199999999998923        3.3333377069213359        6.6666622930786641     
   94.299999999998917        3.3333376413175158        6.6666623586824842     
   94.399999999998911        3.3333375766977529        6.6666624233022471     
   94.499999999998906        3.3333375130472866        6.6666624869527134     
   94.599999999998900        3.3333374503515776        6.6666625496484224     
   94.699999999998894        3.3333373885963042        6.6666626114036962     
   94.799999999998889        3.3333373277673597        6.6666626722326399     
   94.899999999998883        3.3333372678508493        6.6666627321491507     
   94.999999999998877        3.3333372088330866        6.6666627911669138     
   95.099999999998872        3.3333371507005900        6.6666628492994100     
   95.199999999998866        3.3333370934400812        6.6666629065599192     
   95.299999999998860        3.3333370370384801        6.6666629629615199     
   95.399999999998855        3.3333369814829026        6.6666630185170970     
   95.499999999998849        3.3333369267606594        6.6666630732393406     
   95.599999999998843        3.3333368728592494        6.6666631271407510     
   95.699999999998838        3.3333368197663606        6.6666631802336394     
   95.799999999998832        3.3333367674698651        6.6666632325301354     
   95.899999999998826        3.3333367159578171        6.6666632840421833     
   95.999999999998820        3.3333366652184497        6.6666633347815498     
   96.099999999998815        3.3333366152401731        6.6666633847598273     
   96.199999999998809        3.3333365660115706        6.6666634339884290     
   96.299999999998803        3.3333365175213969        6.6666634824786026     
   96.399999999998798        3.3333364697585761        6.6666635302414239     
   96.499999999998792        3.3333364227121973        6.6666635772878031     
   96.599999999998786        3.3333363763715145        6.6666636236284855     
   96.699999999998781        3.3333363307259418        6.6666636692740582     
   96.799999999998775        3.3333362857650530        6.6666637142349465     
   96.899999999998769        3.3333362414785772        6.6666637585214232     
   96.999999999998764        3.3333361978563989        6.6666638021436011     
   97.099999999998758        3.3333361548885532        6.6666638451114473     
   97.199999999998752        3.3333361125652252        6.6666638874347743     
   97.299999999998747        3.3333360708767468        6.6666639291232528     
   97.399999999998741        3.3333360298135957        6.6666639701864039     
   97.499999999998735        3.3333359893663914        6.6666640106336086     
   97.599999999998730        3.3333359495258956        6.6666640504741039     
   97.699999999998724        3.3333359102830071        6.6666640897169929     
   97.799999999998718        3.3333358716287620        6.6666641283712380     
   97.899999999998712        3.3333358335543304        6.6666641664456696     
   97.999999999998707        3.3333357960510153        6.6666642039489847     
   98.099999999998701        3.3333357591102502        6.6666642408897498     
   98.199999999998695        3.3333357227235965        6.6666642772764035     
   98.299999999998690        3.3333356868827426        6.6666643131172574     
   98.399999999998684        3.3333356515795018        6.6666643484204986     
   98.499999999998678        3.3333356168058095        6.6666643831941901     
   98.599999999998673        3.3333355825537225        6.6666644174462775     
   98.699999999998667        3.3333355488154166        6.6666644511845838     
   98.799999999998661        3.3333355155831854        6.6666644844168150     
   98.899999999998656        3.3333354828494377        6.6666645171505623     
   98.999999999998650        3.3333354506066959        6.6666645493933041     
   99.099999999998644        3.3333354188475952        6.6666645811524052     
   99.199999999998639        3.3333353875648810        6.6666646124351185     
   99.299999999998633        3.3333353567514079        6.6666646432485921     
   99.399999999998627        3.3333353264001366        6.6666646735998629     
   99.499999999998622        3.3333352965041345        6.6666647034958650     
   99.599999999998616        3.3333352670565723        6.6666647329434277     
   99.699999999998610        3.3333352380507235        6.6666647619492760     
   99.799999999998604        3.3333352094799626        6.6666647905200378     
   99.899999999998599        3.3333351813377630        6.6666648186622375     
   99.999999999998593        3.3333351536176963        6.6666648463823037     
