   9.9000000000000004   
   9.8015000000000008   
   9.7044775000000012   
   9.6089103375000011   
   9.5147766824375015   
   9.4220550322009391   
   9.3307242067179246   
   9.2407633436171555   
   9.1521518934628983   
   9.0648696150609549   
   8.9788965708350403   
   8.8942131222725145   
   8.8107999254384275   
   8.7286379265568499   
   8.6477083576584963   
   8.5679927322936198   
   8.4894728413092153   
   8.4121307486895773   
   8.3359487874592340   
   8.2609095556473466   
   8.1869959123126375   
   8.1141909736279469   
   8.0424781090235271   
   7.9718409373881745   
   7.9022633233273512   
   7.8337293734774409   
   7.7662234328752788   
   7.6997300813821496   
   7.6342341301614178   
   7.5697206182089971   
   7.5061748089358620   
   7.4435821868018248   
   7.3819284539997971   
   7.3211995271898003   
   7.2613815342819530   
   7.2024608112677235   
   7.1444238990987072   
   7.0872575406122262   
   7.0309486775030425   
   6.9754844473404969   
   6.9208521806303898   
   6.8670393979209345   
   6.8140338069521205   
   6.7618232998478387   
   6.7103959503501205   
   6.6597400110948692   
   6.6098439109284461   
   6.5606962522645196   
   6.5122858084805513   
   6.4646015213533428   
   6.4176324985330426   
   6.3713680110550470   
   6.3257974908892205   
   6.2809105285258822   
   6.2366968705979939   
   6.1931464175390234   
   6.1502492212759385   
   6.1079954829567997   
   6.0663755507124479   
   6.0253799174517617   
   5.9849992186899845   
   5.9452242304096350   
   5.9060458669534910   
   5.8674551789491884   
   5.8294433512649499   
   5.7920017009959750   
   5.7551216754810355   
   5.7187948503488197   
   5.6830129275935874   
   5.6477677336796841   
   5.6130512176744896   
   5.5788554494093718   
   5.5451726176682312   
   5.5119950284032084   
   5.4793151029771598   
   5.4471253764325018   
   5.4154184957860148   
   5.3841872183492248   
   5.3534244100739867   
   5.3231230439228776   
   5.2932761982640342   
   5.2638770552900729   
   5.2349188994607223   
   5.2063951159688120   
   5.1782991892292793   
   5.1506247013908402   
   5.1233653308699774   
   5.0965148509069280   
   5.0700671281433234   
   5.0440161212211736   
   5.0183558794028560   
   4.9930805412118131   
   4.9681843330936362   
   4.9436615680972320   
   4.9195066445757742   
   4.8957140449071384   
   4.8722783342335312   
   4.8491941592200281   
   4.8264562468317278   
   4.8040594031292523   
   4.7819985120823132   
   4.7602685344010789   
   4.7388645063850623   
   4.7177815387892856   
   4.6970148157074467   
   4.6765595934718354   
   4.6564111995697584   
   4.6365650315762119   
   4.6170165561025689   
   4.5977613077610311   
   4.5787948881446150   
   4.5601129648224461   
   4.5417112703501097   
   4.5235856012948581   
   4.5057318172754357   
   4.4881458400163039   
   4.4708236524160592   
   4.4537612976298186   
   4.4369548781653716   
   4.4204005549928915   
   4.4040945466679977   
   4.3880331284679777   
   4.3722126315409584   
   4.3566294420678444   
   4.3412800004368268   
   4.3261608004302738   
   4.3112683884238194   
   4.2965993625974628   
   4.2821503721585001   
   4.2679181165761220   
   4.2538993448274800   
   4.2400908546550671   
   4.2264894918352409   
   4.2130921494577125   
   4.1998957672158470   
   4.1868973307076089   
   4.1740938707469954   
   4.1614824626857905   
   4.1490602257455036   
   4.1368243223593213   
   4.1247719575239312   
   4.1129003781610720   
   4.1012068724886559   
   4.0896887694013264   
   4.0783434378603065   
   4.0671682862924019   
   4.0561607619980160   
   4.0453183505680457   
   4.0346385753095255   
   4.0241189966798823   
   4.0137572117296845   
   4.0035508535537394   
   3.9934975907504335   
   3.9835951268891772   
   3.9738411999858396   
   3.9642335819860519   
   3.9547700782562609   
   3.9454485270824171   
   3.9362667991761811   
   3.9272227971885383   
   3.9183144552307101   
   3.9095397384022497   
   3.9008966423262157   
   3.8923831926913222   
   3.8839974448009524   
   3.8757374831289382   
   3.8676014208820040   
   3.8595873995687739   
   3.8516935885752424   
   3.8439181847466135   
   3.8362594119754143   
   3.8287155207957833   
   3.8212847879838465   
   3.8139655161640889   
   3.8067560334216273   
   3.7996546929203028   
   3.7926598725264982   
   3.7857699744386006   
   3.7789834248220218   
   3.7722986734496913   
   3.7657141933479461   
   3.7592284804477267   
   3.7528400532410107   
   3.7465474524423956   
   3.7403492406557599   
   3.7342440020459233   
   3.7282303420152343   
   3.7223068868850056   
   3.7164722835817305   
   3.7107251993280048   
   3.7050643213380847   
   3.6994883565180134   
   3.6939960311702431   
   3.6885860907026893   
   3.6832572993421491   
   3.6780084398520168   
   3.6728383132542368   
   3.6677457385554235   
   3.6627295524770922   
   3.6577886091899359   
   3.6529217800520870   
   3.6481279533513056   
   3.6434060340510359   
   3.6387549435402704   
   3.6341736193871661   
   3.6296610150963584   
   3.6252160998699128   
   3.6208378583718641   
   3.6165252904962859   
   3.6122774111388418   
   3.6080932499717591   
   3.6039718512221826   
   3.5999122734538496   
   3.5959135893520418   
   3.5919748855117613   
   3.5880952622290847   
   3.5842738332956485   
   3.5805097257962135   
   3.5768020799092706   
   3.5731500487106316   
   3.5695527979799722   
   3.5660095060102726   
   3.5625193634201184   
   3.5590815729688168   
   3.5556953493742842   
   3.5523599191336701   
   3.5490745203466654   
   3.5458384025414653   
   3.5426508265033432   
   3.5395110641057932   
   3.5364183981442063   
   3.5333721221720431   
   3.5303715403394622   
   3.5274159672343703   
   3.5245047277258550   
   3.5216371568099669   
   3.5188125994578177   
   3.5160304104659503   
   3.5132899543089611   
   3.5105906049943267   
   3.5079317459194117   
   3.5053127697306206   
   3.5027330781846615   
   3.5001920820118917   
   3.4976892007817133   
   3.4952238627699876   
   3.4927955048284378   
   3.4904035722560116   
   3.4880475186721713   
   3.4857268058920887   
   3.4834409038037073   
   3.4811892902466517   
   3.4789714508929519   
   3.4767868791295578   
   3.4746350759426141   
   3.4725155498034748   
   3.4704278165564224   
   3.4683713993080758   
   3.4663458283184547   
   3.4643506408936782   
   3.4623853812802730   
   3.4604496005610690   
   3.4585428565526528   
   3.4566647137043631   
   3.4548147429987974   
   3.4529925218538158   
   3.4511976340260087   
   3.4494296695156188   
   3.4476882244728846   
   3.4459729011057911   
   3.4442833075892043   
   3.4426190579753664   
   3.4409797721057358   
   3.4393650755241496   
   3.4377745993912874   
   3.4362079804004182   
   3.4346648606944119   
   3.4331448877839961   
   3.4316477144672359   
   3.4301729987502276   
   3.4287204037689745   
   3.4272895977124396   
   3.4258802537467528   
   3.4244920499405516   
   3.4231246691914436   
   3.4217777991535718   
   3.4204511321662685   
   3.4191443651837745   
   3.4178571997060176   
   3.4165893417104272   
   3.4153405015847711   
   3.4141103940609994   
   3.4128987381500844   
   3.4117052570778332   
   3.4105296782216659   
   3.4093717330483408   
   3.4082311570526156   
   3.4071076896968266   
   3.4060010743513742   
   3.4049110582361033   
   3.4038373923625618   
   3.4027798314771234   
   3.4017381340049666   
   3.4007120619948918   
   3.3997013810649683   
   3.3987058603489939   
   3.3977252724437590   
   3.3967593933571028   
   3.3958080024567465   
   3.3948708824198954   
   3.3939478191835968   
   3.3930386018958427   
   3.3921430228674052   
   3.3912608775243944   
   3.3903919643615286   
   3.3895360848961054   
   3.3886930436226637   
   3.3878626479683236   
   3.3870447082487987   
   3.3862390376250668   
   3.3854454520606909   
   3.3846637702797806   
   3.3838938137255838   
   3.3831354065197004   
   3.3823883754219048   
   3.3816525497905761   
   3.3809277615437172   
   3.3802138451205614   
   3.3795106374437531   
   3.3788179778820968   
   3.3781357082138652   
   3.3774636725906571   
   3.3768017175017975   
   3.3761496917392706   
   3.3755074463631813   
   3.3748748346677333   
   3.3742517121477174   
   3.3736379364655016   
   3.3730333674185191   
   3.3724378669072417   
   3.3718512989036329   
   3.3712735294200784   
   3.3707044264787775   
   3.3701438600815958   
   3.3695917021803719   
   3.3690478266476664   
   3.3685121092479515   
   3.3679844276092323   
   3.3674646611950938   
   3.3669526912771675   
   3.3664484009080100   
   3.3659516748943896   
   3.3654623997709741   
   3.3649804637744092   
   3.3645057568177932   
   3.3640381704655260   
   3.3635775979085434   
   3.3631239339399155   
   3.3626770749308168   
   3.3622369188068544   
   3.3618033650247519   
   3.3613763145493807   
   3.3609556698311400   
   3.3605413347836732   
   3.3601332147619183   
   3.3597312165404896   
   3.3593352482923819   
   3.3589452195679961   
   3.3585610412744762   
   3.3581826256553589   
   3.3578098862705286   
   3.3574427379764704   
   3.3570810969068234   
   3.3567248804532208   
   3.3563740072464223   
   3.3560283971377260   
   3.3556879711806604   
   3.3553526516129506   
   3.3550223618387567   
   3.3546970264111753   
   3.3543765710150080   
   3.3540609224497828   
   3.3537500086130358   
   3.3534437584838406   
   3.3531421021065828   
   3.3528449705749841   
   3.3525522960163592   
   3.3522640115761138   
   3.3519800514024718   
   3.3517003506314347   
   3.3514248453719633   
   3.3511534726913839   
   3.3508861706010133   
   3.3506228780419982   
   3.3503635348713683   
   3.3501080818482976   
   3.3498564606205732   
   3.3496086137112648   
   3.3493644845055961   
   3.3491240172380121   
   3.3488871569794423   
   3.3486538496247507   
   3.3484240418803792   
   3.3481976812521737   
   3.3479747160333910   
   3.3477550952928903   
   3.3475387688634970   
   3.3473256873305446   
   3.3471158020205865   
   3.3469090649902777   
   3.3467054290154237   
   3.3465048475801926   
   3.3463072748664895   
   3.3461126657434921   
   3.3459209757573398   
   3.3457321611209800   
   3.3455461787041654   
   3.3453629860236029   
   3.3451825412332488   
   3.3450048031147501   
   3.3448297310680286   
   3.3446572851020080   
   3.3444874258254780   
   3.3443201144380956   
   3.3441553127215244   
   3.3439929830307014   
   3.3438330882852410   
   3.3436755919609622   
   3.3435204580815476   
   3.3433676512103245   
   3.3432171364421697   
   3.3430688793955370   
   3.3429228462046039   
   3.3427790035115348   
   3.3426373184588618   
   3.3424977586819788   
   3.3423602923017492   
   3.3422248879172232   
   3.3420915145984647   
   3.3419601418794875   
   3.3418307397512952   
   3.3417032786550256   
   3.3415777294752003   
   3.3414540635330723   
   3.3413322525800759   
   3.3412122687913750   
   3.3410940847595043   
   3.3409776734881120   
   3.3408630083857904   
   3.3407500632600033   
   3.3406388123111030   
   3.3405292301264367   
   3.3404212916745402   
   3.3403149722994221   
   3.3402102477149307   
   3.3401070939992068   
   3.3400054875892184   
   3.3399054052753803   
   3.3398068241962493   
   3.3397097218333056   
   3.3396140760058057   
   3.3395198648657187   
   3.3394270668927328   
   3.3393356608893421   
   3.3392456259760022   
   3.3391569415863622   
   3.3390695874625669   
   3.3389835436506283   
   3.3388987904958687   
   3.3388153086384307   
   3.3387330790088541   
   3.3386520828237214   
   3.3385723015813658   
   3.3384937170576450   
   3.3384163113017804   
   3.3383400666322540   
   3.3382649656327703   
   3.3381909911482786   
   3.3381181262810542   
   3.3380463543868384   
   3.3379756590710357   
   3.3379060241849698   
   3.3378374338221954   
   3.3377698723148623   
   3.3377033242301395   
   3.3376377743666872   
   3.3375732077511868   
   3.3375096096349188   
   3.3374469654903951   
   3.3373852610080390   
   3.3373244820929182   
   3.3372646148615246   
   3.3372056456386017   
   3.3371475609540227   
   3.3370903475397125   
   3.3370339923266168   
   3.3369784824417175   
   3.3369238052050920   
   3.3368699481270157   
   3.3368168989051106   
   3.3367646454215341   
   3.3367131757402113   
   3.3366624781041083   
   3.3366125409325464   
   3.3365633528185583   
   3.3365149025262797   
   3.3364671789883857   
   3.3364201713035597   
   3.3363738687340061   
   3.3363282607029960   
   3.3362833367924511   
   3.3362390867405645   
   3.3361955004394561   
   3.3361525679328645   
   3.3361102794138713   
   3.3360686252226630   
   3.3360275958443228   
   3.3359871819066580   
   3.3359473741780579   
   3.3359081635653873   
   3.3358695411119066   
   3.3358314979952279   
   3.3357940255252996   
   3.3357571151424201   
   3.3357207584152841   
   3.3356849470390548   
   3.3356496728334690   
   3.3356149277409668   
   3.3355807038248524   
   3.3355469932674797   
   3.3355137883684676   
   3.3354810815429405   
   3.3354488653197962   
   3.3354171323399990   
   3.3353858753548988   
   3.3353550872245754   
   3.3353247609162069   
   3.3352948895024639   
   3.3352654661599268   
   3.3352364841675279   
   3.3352079369050149   
   3.3351798178514396   
   3.3351521205836678   
   3.3351248387749126   
   3.3350979661932887   
   3.3350714967003894   
   3.3350454242498837   
   3.3350197428861357   
   3.3349944467428436   
   3.3349695300417008   
   3.3349449870910752   
   3.3349208122847092   
   3.3348970001004385   
   3.3348735450989317   
   3.3348504419224478   
   3.3348276852936114   
   3.3348052700142072   
   3.3347831909639942   
   3.3347614430995343   
   3.3347400214530412   
   3.3347189211312456   
   3.3346981373142768   
   3.3346776652545627   
   3.3346575002757444   
   3.3346376377716083   
   3.3346180732050343   
   3.3345988021069588   
   3.3345798200753545   
   3.3345611227742240   
   3.3345427059326105   
   3.3345245653436213   
   3.3345066968634667   
   3.3344890964105147   
   3.3344717599643570   
   3.3344546835648914   
   3.3344378633114182   
   3.3344212953617469   
   3.3344049759313208   
   3.3343889012923511   
   3.3343730677729657   
   3.3343574717563711   
   3.3343421096800254   
   3.3343269780348250   
   3.3343120733643028   
   3.3342973922638381   
   3.3342829313798807   
   3.3342686874091827   
   3.3342546570980449   
   3.3342408372415746   
   3.3342272246829512   
   3.3342138163127069   
   3.3342006090680165   
   3.3341875999319961   
   3.3341747859330164   
   3.3341621641440211   
   3.3341497316818609   
   3.3341374857066333   
   3.3341254234210336   
   3.3341135420697183   
   3.3341018389386723   
   3.3340903113545926   
   3.3340789566842735   
   3.3340677723340093   
   3.3340567557489993   
   3.3340459044127644   
   3.3340352158465731   
   3.3340246876088746   
   3.3340143172947414   
   3.3340041025353204   
   3.3339940409972906   
   3.3339841303823312   
   3.3339743684265963   
   3.3339647529001972   
   3.3339552816066944   
   3.3339459523825941   
   3.3339367630968550   
   3.3339277116504022   
   3.3339187959756460   
   3.3339100140360114   
   3.3339013638254711   
   3.3338928433680888   
   3.3338844507175676   
   3.3338761839568041   
   3.3338680411974519   
   3.3338600205794902   
   3.3338521202707976   
   3.3338443384667356   
   3.3338366733897344   
   3.3338291232888881   
   3.3338216864395549   
   3.3338143611429616   
   3.3338071457258174   
   3.3338000385399305   
   3.3337930379618315   
   3.3337861423924040   
   3.3337793502565178   
   3.3337726600026700   
   3.3337660701026297   
   3.3337595790510903   
   3.3337531853653237   
   3.3337468875848439   
   3.3337406842710715   
   3.3337345740070057   
   3.3337285553969007   
   3.3337226270659475   
   3.3337167876599580   
   3.3337110358450586   
   3.3337053703073827   
   3.3336997897527718   
   3.3336942929064803   
   3.3336888785128829   
   3.3336835453351896   
   3.3336782921551618   
   3.3336731177728347   
   3.3336680210062419   
   3.3336630006911485   
   3.3336580556807816   
   3.3336531848455699   
   3.3336483870728864   
   3.3336436612667928   
   3.3336390063477910   
   3.3336344212525741   
   3.3336299049337854   
   3.3336254563597785   
   3.3336210745143822   
   3.3336167583966665   
   3.3336125070207165   
   3.3336083194154056   
   3.3336041946241743   
   3.3336001317048116   
   3.3335961297292394   
   3.3335921877833008   
   3.3335883049665513   
   3.3335844803920529   
   3.3335807131861719   
   3.3335770024883793   
   3.3335733474510536   
   3.3335697472392876   
   3.3335662010306981   
   3.3335627080152377   
   3.3335592673950090   
   3.3335558783840837   
   3.3335525402083226   
   3.3335492521051977   
   3.3335460133236197   
   3.3335428231237656   
   3.3335396807769091   
   3.3335365855652555   
   3.3335335367817764   
   3.3335305337300500   
   3.3335275757240992   
   3.3335246620882377   
   3.3335217921569140   
   3.3335189652745600   
   3.3335161807954417   
   3.3335134380835103   
   3.3335107365122578   
   3.3335080754645738   
   3.3335054543326050   
   3.3335028725176161   
   3.3335003294298517   
   3.3334978244884037   
   3.3334953571210777   
   3.3334929267642615   
   3.3334905328627973   
   3.3334881748698550   
   3.3334858522468074   
   3.3334835644631053   
   3.3334813109961585   
   3.3334790913312160   
   3.3334769049612478   
   3.3334747513868290   
   3.3334726301160269   
   3.3334705406642868   
   3.3334684825543226   
   3.3334664553160076   
   3.3334644584862674   
   3.3334624916089735   
   3.3334605542348386   
   3.3334586459213162   
   3.3334567662324965   
   3.3334549147390091   
   3.3334530910179239   
   3.3334512946526549   
   3.3334495252328651   
   3.3334477823543724   
   3.3334460656190568   
   3.3334443746347708   
   3.3334427090152494   
   3.3334410683800204   
   3.3334394523543200   
   3.3334378605690054   
   3.3334362926604704   
   3.3334347482705633   
   3.3334332270465046   
   3.3334317286408073   
   3.3334302527111950   
   3.3334287989205271   
   3.3334273669367191   
   3.3334259564326683   
   3.3334245670861780   
   3.3334231985798852   
   3.3334218506011868   
   3.3334205228421689   
   3.3334192149995365   
   3.3334179267745432   
   3.3334166578729247   
   3.3334154080048308   
   3.3334141768847583   
   3.3334129642314867   
   3.3334117697680141   
   3.3334105932214939   
   3.3334094343231713   
   3.3334082928083237   
   3.3334071684161990   
   3.3334060608899558   
   3.3334049699766064   
   3.3334038954269571   
   3.3334028369955528   
   3.3334017944406193   
   3.3334007675240098   
   3.3333997560111497   
   3.3333987596709824   
   3.3333977782759177   
   3.3333968116017791   
   3.3333958594277524   
   3.3333949215363359   
   3.3333939977132907   
   3.3333930877475915   
   3.3333921914313778   
   3.3333913085599072   
   3.3333904389315085   
   3.3333895823475359   
   3.3333887386123231   
   3.3333879075331385   
   3.3333870889201416   
   3.3333862825863392   
   3.3333854883475440   
   3.3333847060223309   
   3.3333839354319963   
   3.3333831764005164   
   3.3333824287545086   
   3.3333816923231909   
   3.3333809669383432   
   3.3333802524342682   
   3.3333795486477542   
   3.3333788554180379   
   3.3333781725867673   
   3.3333774999979657   
   3.3333768374979962   
   3.3333761849355263   
   3.3333755421614932   
   3.3333749090290707   
   3.3333742853936350   
   3.3333736711127302   
   3.3333730660460392   
   3.3333724700553486   
   3.3333718830045185   
   3.3333713047594506   
   3.3333707351880588   
   3.3333701741602382   
   3.3333696215478343   
   3.3333690772246167   
   3.3333685410662475   
   3.3333680129502539   
   3.3333674927560004   
   3.3333669803646604   
   3.3333664756591905   
   3.3333659785243026   
   3.3333654888464381   
   3.3333650065137417   
   3.3333645314160356   
   3.3333640634447952   
   3.3333636024931232   
   3.3333631484557262   
   3.3333627012288902   
   3.3333622607104569   
   3.3333618267998002   
   3.3333613993978033   
   3.3333609784068363   
   3.3333605637307335   
   3.3333601552747725   
   3.3333597529456509   
   3.3333593566514663   
   3.3333589663016943   
   3.3333585818071687   
   3.3333582030800613   
   3.3333578300338602   
   3.3333574625833524   
   3.3333571006446023   
   3.3333567441349334   
   3.3333563929729095   
   3.3333560470783161   
   3.3333557063721417   
   3.3333553707765597   
   3.3333550402149115   
   3.3333547146116880   
   3.3333543938925128   
   3.3333540779841249   
   3.3333537668143629   
   3.3333534603121473   
   3.3333531584074652   
   3.3333528610313530   
   3.3333525681158824   
   3.3333522795941439   
   3.3333519954002315   
   3.3333517154692278   
   3.3333514397371893   
   3.3333511681411312   
   3.3333509006190143   
   3.3333506371097292   
   3.3333503775530833   
   3.3333501218897870   
   3.3333498700614403   
   3.3333496220105188   
   3.3333493776803609   
   3.3333491370151553   
   3.3333488999599279   
   3.3333486664605290   
   3.3333484364636208   
   3.3333482099166662   
   3.3333479867679161   
   3.3333477669663973   
   3.3333475504619012   
   3.3333473372049727   
   3.3333471271468982   
   3.3333469202396948   
   3.3333467164360995   
   3.3333465156895583   
   3.3333463179542151   
   3.3333461231849020   
   3.3333459313371283   
   3.3333457423670714   
   3.3333455562315653   
   3.3333453728880915   
   3.3333451922947699   
   3.3333450144103480   
   3.3333448391941927   
   3.3333446666062798   
   3.3333444966071859   
   3.3333443291580780   
   3.3333441642207071   
   3.3333440017573963   
   3.3333438417310357   
   3.3333436841050701   
   3.3333435288434941   
   3.3333433759108417   
   3.3333432252721789   
   3.3333430768930961   
   3.3333429307396996   
   3.3333427867786041   
   3.3333426449769252   
   3.3333425053022716   
   3.3333423677227376   
   3.3333422322068964   
   3.3333420987237927   
   3.3333419672429359   
   3.3333418377342916   
   3.3333417101682774   
   3.3333415845157530   
   3.3333414607480165   
   3.3333413388367963   
   3.3333412187542444   
   3.3333411004729308   
   3.3333409839658370   
   3.3333408692063493   
   3.3333407561682540   
   3.3333406448257303   
   3.3333405351533445   
   3.3333404271260441   
   3.3333403207191536   
   3.3333402159083665   
   3.3333401126697408   
   3.3333400109796947   
   3.3333399108149990   
   3.3333398121527740   
   3.3333397149704824   
   3.3333396192459253   
   3.3333395249572364   
   3.3333394320828780   
   3.3333393406016349   
   3.3333392504926103   
   3.3333391617352208   
   3.3333390743091926   
   3.3333389881945545   
   3.3333389033716361   
   3.3333388198210616   
   3.3333387375237455   
   3.3333386564608891   
   3.3333385766139756   
   3.3333384979647658   
   3.3333384204952945   
   3.3333383441878648   
   3.3333382690250470   
   3.3333381949896714   
   3.3333381220648262   
   3.3333380502338539   
   3.3333379794803464   
   3.3333379097881410   
   3.3333378411413190   
   3.3333377735241991   
   3.3333377069213359   
   3.3333376413175158   
   3.3333375766977529   
   3.3333375130472866   
   3.3333374503515776   
   3.3333373885963042   
   3.3333373277673597   
   3.3333372678508493   
   3.3333372088330866   
   3.3333371507005900   
   3.3333370934400812   
   3.3333370370384801   
   3.3333369814829026   
   3.3333369267606594   
   3.3333368728592494   
   3.3333368197663606   
   3.3333367674698651   
   3.3333367159578171   
   3.3333366652184497   
   3.3333366152401731   
   3.3333365660115706   
   3.3333365175213969   
   3.3333364697585761   
   3.3333364227121973   
   3.3333363763715145   
   3.3333363307259418   
   3.3333362857650530   
   3.3333362414785772   
   3.3333361978563989   
   3.3333361548885532   
   3.3333361125652252   
   3.3333360708767468   
   3.3333360298135957   
   3.3333359893663914   
   3.3333359495258956   
   3.3333359102830071   
   3.3333358716287620   
   3.3333358335543304   
   3.3333357960510153   
   3.3333357591102502   
   3.3333357227235965   
   3.3333356868827426   
   3.3333356515795018   
   3.3333356168058095   
   3.3333355825537225   
   3.3333355488154166   
   3.3333355155831854   
   3.3333354828494377   
   3.3333354506066959   
   3.3333354188475952   
   3.3333353875648810   
   3.3333353567514079   
   3.3333353264001366   
   3.3333352965041345   
   3.3333352670565723   
   3.3333352380507235   
   3.3333352094799626   
   3.3333351813377630   
   3.3333351536176963   
